1:    0.200 0.064 0.736 1    
2:    0.556 0.157 0.288 1    
3:    0.304 0.569 0.127 1    
4:    0.419 0.272 0.309 1    
5:    0.204 0.042 0.755 1    
6:    0.359 0.398 0.243 1    
7:    0.151 0.692 0.157 1    
8:    0.499 0.040 0.461 1    
9:    0.193 0.145 0.662 1    
10:   0.367 0.057 0.576 1    
11:   0.712 0.058 0.230 1    
12:   0.244 0.218 0.538 1    
13:   0.491 0.378 0.132 1    
14:   0.375 0.025 0.600 1    
15:   0.534 0.214 0.252 1    
16:   0.236 0.032 0.733 1    
17:   0.510 0.327 0.164 1    
18:   0.559 0.061 0.380 1    
19:   0.742 0.043 0.214 1    
20:   0.566 0.113 0.321 1    
21:   0.733 0.049 0.218 1    
22:   0.240 0.638 0.122 1    
23:   0.077 0.796 0.127 1    
24:   0.233 0.101 0.666 1    
25:   0.230 0.122 0.648 1    
26:   0.289 0.610 0.101 1    
27:   0.315 0.133 0.553 1    
28:   0.680 0.067 0.253 1    
29:   0.435 0.095 0.470 1    
30:   0.401 0.330 0.269 1    
31:   0.579 0.042 0.379 1    
32:   0.530 0.044 0.426 1    
33:   0.422 0.397 0.181 1    
34:   0.558 0.216 0.226 1    
35:   0.342 0.292 0.366 1    
36:   0.201 0.075 0.724 1    
37:   0.432 0.337 0.231 1    
38:   0.151 0.754 0.095 1    
39:   0.235 0.059 0.706 1    
40:   0.452 0.174 0.373 1    
41:   0.249 0.063 0.688 1    
42:   0.182 0.102 0.716 1    
43:   0.769 0.034 0.197 1    
44:   0.412 0.033 0.555 1    
45:   0.273 0.064 0.663 1    
46:   0.759 0.043 0.198 1    
47:   0.497 0.124 0.379 1    
48:   0.286 0.035 0.679 1    
49:   0.415 0.042 0.543 1    
50:   0.695 0.081 0.223 1    
51:   0.191 0.037 0.772 1    
52:   0.385 0.236 0.379 1    
53:   0.220 0.211 0.569 1    
54:   0.621 0.211 0.168 1    
55:   0.327 0.489 0.184 1    
56:   0.173 0.722 0.105 1    
57:   0.230 0.457 0.313 1    
58:   0.431 0.102 0.467 1    
59:   0.063 0.877 0.060 1    
60:   0.512 0.034 0.454 1    
61:   0.614 0.168 0.218 1    
62:   0.670 0.118 0.211 1    
63:   0.716 0.058 0.225 1    
64:   0.058 0.906 0.036 1    
65:   0.202 0.028 0.770 1    
66:   0.497 0.314 0.189 1    
67:   0.053 0.902 0.045 1    
68:   0.364 0.481 0.154 1    
69:   0.189 0.154 0.657 1    
70:   0.195 0.081 0.725 1    
71:   0.397 0.083 0.519 1    
72:   0.087 0.817 0.097 1    
73:   0.050 0.908 0.042 1    
74:   0.734 0.052 0.214 1    
75:   0.605 0.167 0.228 1    
76:   0.219 0.063 0.718 1    
77:   0.193 0.042 0.765 1    
78:   0.625 0.097 0.279 1    
79:   0.673 0.113 0.214 1    
80:   0.234 0.056 0.710 1    
81:   0.460 0.183 0.357 1    
82:   0.627 0.144 0.229 1    
83:   0.280 0.268 0.452 1    
84:   0.231 0.056 0.712 1    
85:   0.032 0.945 0.023 1    
86:   0.281 0.081 0.639 1    
87:   0.094 0.740 0.167 1    
88:   0.505 0.074 0.421 1    
89:   0.715 0.071 0.214 1    
90:   0.199 0.097 0.704 1    
91:   0.435 0.092 0.473 1    
92:   0.236 0.210 0.554 1    
93:   0.487 0.060 0.454 1    
94:   0.201 0.159 0.641 1    
95:   0.484 0.284 0.233 1    
96:   0.348 0.509 0.143 1    
97:   0.077 0.861 0.061 1    
98:   0.251 0.073 0.676 1    
99:   0.307 0.046 0.647 1    
100:  0.274 0.107 0.619 1    
101:  0.512 0.088 0.400 1    
102:  0.202 0.269 0.529 1    
103:  0.552 0.248 0.200 1    
104:  0.134 0.685 0.181 1    
105:  0.194 0.049 0.757 1    
106:  0.059 0.907 0.034 1    
107:  0.249 0.260 0.492 1    
108:  0.363 0.036 0.601 1    
109:  0.202 0.068 0.730 1    
110:  0.216 0.141 0.643 1    
111:  0.693 0.061 0.246 1    
112:  0.670 0.080 0.250 1    
113:  0.365 0.184 0.450 1    
114:  0.175 0.753 0.072 1    
115:  0.259 0.075 0.666 1    
116:  0.576 0.165 0.260 1    
117:  0.041 0.927 0.032 1    
118:  0.022 0.956 0.023 1    
119:  0.231 0.686 0.083 1    
120:  0.049 0.909 0.043 1    
121:  0.020 0.959 0.020 1    
122:  0.050 0.909 0.041 1    
123:  0.208 0.694 0.099 1    
124:  0.089 0.806 0.106 1    
125:  0.051 0.916 0.033 1    
126:  0.033 0.927 0.040 1    
127:  0.036 0.935 0.028 1    
128:  0.034 0.943 0.023 1    
129:  0.059 0.875 0.066 1    
130:  0.039 0.932 0.029 1    
131:  0.124 0.815 0.061 1    
132:  0.056 0.894 0.050 1    
133:  0.161 0.670 0.169 1    
134:  0.020 0.955 0.025 1    
135:  0.121 0.802 0.077 1    
136:  0.161 0.735 0.104 1    
              
              
1:    0.291 0.089 0.620 1    
2:    0.456 0.194 0.350 1    
3:    0.263 0.580 0.157 1    
4:    0.370 0.301 0.329 1    
5:    0.271 0.068 0.661 1    
6:    0.335 0.399 0.266 1    
7:    0.186 0.643 0.171 1    
8:    0.427 0.057 0.516 1    
9:    0.274 0.191 0.534 1    
10:   0.356 0.068 0.577 1    
11:   0.605 0.079 0.316 1    
12:   0.261 0.301 0.438 1    
13:   0.425 0.384 0.190 1    
14:   0.349 0.035 0.616 1    
15:   0.508 0.198 0.294 1    
16:   0.296 0.044 0.660 1    
17:   0.473 0.319 0.209 1    
18:   0.486 0.080 0.434 1    
19:   0.636 0.063 0.301 1    
20:   0.492 0.134 0.374 1    
21:   0.617 0.076 0.307 1    
22:   0.250 0.619 0.132 1    
23:   0.113 0.778 0.109 1    
24:   0.268 0.144 0.587 1    
25:   0.272 0.178 0.549 1    
26:   0.309 0.556 0.135 1    
27:   0.356 0.149 0.495 1    
28:   0.584 0.098 0.318 1    
29:   0.397 0.124 0.479 1    
30:   0.414 0.309 0.276 1    
31:   0.493 0.060 0.447 1    
32:   0.467 0.062 0.471 1    
33:   0.391 0.382 0.227 1    
34:   0.416 0.292 0.293 1    
35:   0.356 0.313 0.330 1    
36:   0.292 0.114 0.593 1    
37:   0.437 0.303 0.260 1    
38:   0.195 0.686 0.119 1    
39:   0.311 0.085 0.604 1    
40:   0.424 0.201 0.375 1    
41:   0.325 0.088 0.588 1    
42:   0.256 0.162 0.581 1    
43:   0.637 0.056 0.307 1    
44:   0.370 0.049 0.581 1    
45:   0.323 0.086 0.591 1    
46:   0.629 0.069 0.302 1    
47:   0.467 0.155 0.378 1    
48:   0.334 0.050 0.616 1    
49:   0.389 0.056 0.555 1    
50:   0.555 0.127 0.318 1    
51:   0.275 0.059 0.666 1    
52:   0.372 0.242 0.385 1    
53:   0.301 0.204 0.495 1    
54:   0.556 0.216 0.228 1    
55:   0.273 0.506 0.221 1    
56:   0.149 0.725 0.126 1    
57:   0.239 0.460 0.300 1    
58:   0.427 0.111 0.462 1    
59:   0.111 0.818 0.072 1    
60:   0.444 0.048 0.509 1    
61:   0.551 0.171 0.277 1    
62:   0.511 0.184 0.305 1    
63:   0.596 0.080 0.324 1    
64:   0.075 0.877 0.049 1    
65:   0.279 0.046 0.675 1    
66:   0.472 0.293 0.235 1    
67:   0.068 0.866 0.066 1    
68:   0.305 0.507 0.188 1    
69:   0.252 0.246 0.502 1    
70:   0.270 0.121 0.609 1    
71:   0.398 0.102 0.499 1    
72:   0.141 0.757 0.102 1    
73:   0.063 0.875 0.062 1    
74:   0.607 0.076 0.317 1    
75:   0.477 0.214 0.309 1    
76:   0.292 0.086 0.623 1    
77:   0.273 0.059 0.668 1    
78:   0.543 0.111 0.346 1    
79:   0.567 0.130 0.303 1    
80:   0.288 0.088 0.625 1    
81:   0.427 0.217 0.357 1    
82:   0.550 0.150 0.300 1    
83:   0.335 0.280 0.385 1    
84:   0.290 0.080 0.630 1    
85:   0.044 0.921 0.035 1    
86:   0.346 0.097 0.557 1    
87:   0.129 0.723 0.148 1    
88:   0.443 0.094 0.463 1    
89:   0.607 0.088 0.306 1    
90:   0.279 0.152 0.569 1    
91:   0.434 0.112 0.455 1    
92:   0.279 0.220 0.502 1    
93:   0.484 0.072 0.444 1    
94:   0.274 0.177 0.549 1    
95:   0.426 0.283 0.291 1    
96:   0.360 0.460 0.180 1    
97:   0.092 0.827 0.081 1    
98:   0.296 0.091 0.613 1    
99:   0.349 0.067 0.584 1    
100:  0.352 0.126 0.522 1    
101:  0.466 0.130 0.404 1    
102:  0.286 0.307 0.407 1    
103:  0.492 0.233 0.274 1    
104:  0.154 0.693 0.153 1    
105:  0.264 0.078 0.658 1    
106:  0.078 0.873 0.049 1    
107:  0.302 0.287 0.411 1    
108:  0.355 0.049 0.596 1    
109:  0.298 0.091 0.611 1    
110:  0.283 0.159 0.558 1    
111:  0.550 0.092 0.358 1    
112:  0.575 0.094 0.331 1    
113:  0.358 0.208 0.434 1    
114:  0.216 0.689 0.095 1    
115:  0.334 0.098 0.567 1    
116:  0.488 0.184 0.327 1    
117:  0.071 0.887 0.042 1    
118:  0.036 0.933 0.031 1    
119:  0.237 0.655 0.108 1    
120:  0.090 0.855 0.054 1    
121:  0.035 0.938 0.027 1    
122:  0.076 0.873 0.051 1    
123:  0.249 0.625 0.126 1    
124:  0.114 0.770 0.115 1    
125:  0.070 0.884 0.046 1    
126:  0.054 0.892 0.054 1    
127:  0.057 0.906 0.037 1    
128:  0.052 0.915 0.032 1    
129:  0.094 0.828 0.078 1    
130:  0.052 0.904 0.044 1    
131:  0.169 0.753 0.077 1    
132:  0.091 0.845 0.064 1    
133:  0.228 0.604 0.168 1    
134:  0.033 0.934 0.033 1    
135:  0.146 0.756 0.098 1    
136:  0.202 0.665 0.133 1    
              
              
1:    0.416 0.062 0.522 1    
2:    0.418 0.162 0.420 1    
3:    0.228 0.581 0.190 1    
4:    0.387 0.278 0.335 1    
5:    0.419 0.041 0.540 1    
6:    0.303 0.411 0.286 1    
7:    0.156 0.696 0.148 1    
8:    0.467 0.039 0.494 1    
9:    0.388 0.150 0.462 1    
10:   0.442 0.056 0.502 1    
11:   0.511 0.057 0.432 1    
12:   0.360 0.238 0.402 1    
13:   0.357 0.367 0.276 1    
14:   0.442 0.024 0.534 1    
15:   0.414 0.205 0.381 1    
16:   0.431 0.031 0.538 1    
17:   0.381 0.320 0.298 1    
18:   0.460 0.062 0.477 1    
19:   0.533 0.040 0.426 1    
20:   0.452 0.112 0.436 1    
21:   0.530 0.049 0.421 1    
22:   0.196 0.648 0.156 1    
23:   0.106 0.799 0.095 1    
24:   0.391 0.107 0.502 1    
25:   0.389 0.131 0.480 1    
26:   0.223 0.615 0.162 1    
27:   0.400 0.135 0.465 1    
28:   0.512 0.070 0.418 1    
29:   0.429 0.098 0.473 1    
30:   0.345 0.334 0.321 1    
31:   0.470 0.043 0.487 1    
32:   0.450 0.042 0.508 1    
33:   0.337 0.389 0.274 1    
34:   0.392 0.234 0.374 1    
35:   0.362 0.302 0.337 1    
36:   0.418 0.074 0.508 1    
37:   0.368 0.330 0.302 1    
38:   0.136 0.752 0.112 1    
39:   0.426 0.058 0.516 1    
40:   0.413 0.176 0.410 1    
41:   0.423 0.064 0.513 1    
42:   0.395 0.107 0.498 1    
43:   0.541 0.029 0.429 1    
44:   0.454 0.033 0.513 1    
45:   0.420 0.064 0.516 1    
46:   0.536 0.039 0.425 1    
47:   0.439 0.130 0.431 1    
48:   0.431 0.035 0.534 1    
49:   0.442 0.042 0.515 1    
50:   0.491 0.084 0.425 1    
51:   0.422 0.033 0.545 1    
52:   0.392 0.236 0.372 1    
53:   0.363 0.206 0.430 1    
54:   0.451 0.198 0.351 1    
55:   0.268 0.507 0.225 1    
56:   0.138 0.736 0.126 1    
57:   0.270 0.456 0.274 1    
58:   0.442 0.099 0.459 1    
59:   0.065 0.883 0.052 1    
60:   0.463 0.033 0.503 1    
61:   0.468 0.160 0.372 1    
62:   0.461 0.126 0.412 1    
63:   0.515 0.055 0.429 1    
64:   0.050 0.908 0.042 1    
65:   0.422 0.027 0.551 1    
66:   0.375 0.300 0.325 1    
67:   0.048 0.907 0.045 1    
68:   0.289 0.481 0.230 1    
69:   0.383 0.174 0.443 1    
70:   0.407 0.080 0.513 1    
71:   0.434 0.084 0.481 1    
72:   0.097 0.820 0.083 1    
73:   0.046 0.909 0.045 1    
74:   0.519 0.050 0.431 1    
75:   0.431 0.177 0.392 1    
76:   0.416 0.062 0.522 1    
77:   0.418 0.041 0.541 1    
78:   0.474 0.094 0.432 1    
79:   0.488 0.109 0.403 1    
80:   0.416 0.059 0.525 1    
81:   0.404 0.186 0.410 1    
82:   0.481 0.139 0.380 1    
83:   0.360 0.272 0.368 1    
84:   0.417 0.055 0.528 1    
85:   0.027 0.949 0.024 1    
86:   0.428 0.081 0.491 1    
87:   0.121 0.751 0.128 1    
88:   0.476 0.075 0.449 1    
89:   0.511 0.070 0.419 1    
90:   0.410 0.098 0.493 1    
91:   0.443 0.094 0.463 1    
92:   0.356 0.204 0.440 1    
93:   0.467 0.056 0.477 1    
94:   0.383 0.156 0.461 1    
95:   0.383 0.278 0.339 1    
96:   0.276 0.503 0.221 1    
97:   0.068 0.867 0.065 1    
98:   0.412 0.074 0.514 1    
99:   0.436 0.046 0.517 1    
100:  0.430 0.105 0.465 1    
101:  0.456 0.094 0.451 1    
102:  0.351 0.270 0.380 1    
103:  0.425 0.243 0.332 1    
104:  0.158 0.696 0.145 1    
105:  0.412 0.047 0.541 1    
106:  0.050 0.911 0.038 1    
107:  0.341 0.277 0.382 1    
108:  0.442 0.035 0.523 1    
109:  0.422 0.065 0.513 1    
110:  0.380 0.141 0.479 1    
111:  0.496 0.063 0.441 1    
112:  0.508 0.076 0.416 1    
113:  0.406 0.186 0.408 1    
114:  0.142 0.753 0.105 1    
115:  0.432 0.074 0.494 1    
116:  0.430 0.165 0.405 1    
117:  0.038 0.932 0.031 1    
118:  0.021 0.959 0.020 1    
119:  0.178 0.688 0.134 1    
120:  0.047 0.916 0.038 1    
121:  0.020 0.962 0.019 1    
122:  0.048 0.912 0.040 1    
123:  0.176 0.689 0.136 1    
124:  0.096 0.805 0.099 1    
125:  0.046 0.917 0.037 1    
126:  0.034 0.930 0.037 1    
127:  0.033 0.939 0.028 1    
128:  0.029 0.947 0.024 1    
129:  0.063 0.878 0.059 1    
130:  0.035 0.934 0.032 1    
131:  0.108 0.814 0.078 1    
132:  0.055 0.897 0.048 1    
133:  0.180 0.660 0.160 1    
134:  0.021 0.956 0.022 1    
135:  0.104 0.805 0.091 1    
136:  0.154 0.728 0.118 1    
              
              
1:    0.421 0.073 0.506 1    
2:    0.435 0.173 0.392 1    
3:    0.232 0.574 0.195 1    
4:    0.370 0.282 0.347 1    
5:    0.431 0.049 0.520 1    
6:    0.314 0.409 0.277 1    
7:    0.165 0.675 0.161 1    
8:    0.487 0.046 0.467 1    
9:    0.376 0.174 0.450 1    
10:   0.467 0.060 0.474 1    
11:   0.503 0.065 0.432 1    
12:   0.338 0.283 0.379 1    
13:   0.354 0.353 0.294 1    
14:   0.471 0.028 0.502 1    
15:   0.408 0.199 0.392 1    
16:   0.450 0.034 0.516 1    
17:   0.369 0.309 0.322 1    
18:   0.467 0.069 0.464 1    
19:   0.517 0.048 0.435 1    
20:   0.458 0.122 0.420 1    
21:   0.514 0.057 0.429 1    
22:   0.199 0.628 0.173 1    
23:   0.100 0.791 0.108 1    
24:   0.401 0.122 0.478 1    
25:   0.390 0.156 0.454 1    
26:   0.242 0.571 0.188 1    
27:   0.411 0.137 0.452 1    
28:   0.494 0.078 0.428 1    
29:   0.441 0.110 0.450 1    
30:   0.351 0.315 0.334 1    
31:   0.485 0.049 0.466 1    
32:   0.471 0.050 0.479 1    
33:   0.334 0.378 0.289 1    
34:   0.393 0.265 0.342 1    
35:   0.351 0.315 0.335 1    
36:   0.415 0.091 0.494 1    
37:   0.362 0.309 0.329 1    
38:   0.138 0.732 0.130 1    
39:   0.426 0.071 0.503 1    
40:   0.410 0.187 0.403 1    
41:   0.425 0.075 0.500 1    
42:   0.394 0.127 0.478 1    
43:   0.526 0.038 0.437 1    
44:   0.477 0.038 0.485 1    
45:   0.434 0.072 0.495 1    
46:   0.519 0.049 0.432 1    
47:   0.439 0.138 0.423 1    
48:   0.448 0.041 0.511 1    
49:   0.465 0.046 0.489 1    
50:   0.483 0.101 0.416 1    
51:   0.435 0.039 0.526 1    
52:   0.388 0.235 0.377 1    
53:   0.369 0.206 0.425 1    
54:   0.434 0.197 0.369 1    
55:   0.263 0.517 0.220 1    
56:   0.141 0.735 0.123 1    
57:   0.267 0.459 0.273 1    
58:   0.443 0.098 0.459 1    
59:   0.069 0.861 0.070 1    
60:   0.482 0.038 0.480 1    
61:   0.456 0.154 0.390 1    
62:   0.459 0.152 0.389 1    
63:   0.503 0.064 0.433 1    
64:   0.055 0.900 0.045 1    
65:   0.438 0.033 0.528 1    
66:   0.364 0.293 0.343 1    
67:   0.055 0.892 0.054 1    
68:   0.277 0.486 0.237 1    
69:   0.358 0.214 0.428 1    
70:   0.411 0.097 0.492 1    
71:   0.445 0.090 0.465 1    
72:   0.100 0.801 0.099 1    
73:   0.052 0.898 0.050 1    
74:   0.508 0.057 0.435 1    
75:   0.434 0.200 0.366 1    
76:   0.424 0.070 0.507 1    
77:   0.433 0.046 0.521 1    
78:   0.471 0.101 0.428 1    
79:   0.479 0.114 0.407 1    
80:   0.429 0.073 0.499 1    
81:   0.396 0.196 0.407 1    
82:   0.463 0.145 0.392 1    
83:   0.350 0.270 0.380 1    
84:   0.428 0.064 0.508 1    
85:   0.031 0.940 0.029 1    
86:   0.433 0.088 0.479 1    
87:   0.120 0.746 0.134 1    
88:   0.471 0.084 0.445 1    
89:   0.501 0.076 0.424 1    
90:   0.400 0.123 0.477 1    
91:   0.456 0.097 0.448 1    
92:   0.370 0.207 0.423 1    
93:   0.461 0.059 0.480 1    
94:   0.388 0.156 0.456 1    
95:   0.380 0.279 0.341 1    
96:   0.277 0.467 0.256 1    
97:   0.075 0.854 0.072 1    
98:   0.433 0.080 0.487 1    
99:   0.443 0.054 0.503 1    
100:  0.419 0.114 0.466 1    
101:  0.455 0.106 0.439 1    
102:  0.329 0.280 0.391 1    
103:  0.423 0.228 0.349 1    
104:  0.146 0.698 0.157 1    
105:  0.423 0.060 0.517 1    
106:  0.053 0.900 0.047 1    
107:  0.344 0.284 0.372 1    
108:  0.472 0.041 0.487 1    
109:  0.421 0.077 0.502 1    
110:  0.398 0.140 0.463 1    
111:  0.494 0.077 0.428 1    
112:  0.496 0.081 0.423 1    
113:  0.397 0.200 0.404 1    
114:  0.146 0.723 0.131 1    
115:  0.430 0.084 0.486 1    
116:  0.443 0.168 0.389 1    
117:  0.042 0.918 0.040 1    
118:  0.025 0.950 0.025 1    
119:  0.167 0.677 0.155 1    
120:  0.052 0.899 0.049 1    
121:  0.022 0.955 0.022 1    
122:  0.051 0.898 0.051 1    
123:  0.172 0.663 0.165 1    
124:  0.104 0.791 0.106 1    
125:  0.051 0.903 0.046 1    
126:  0.041 0.917 0.042 1    
127:  0.036 0.929 0.035 1    
128:  0.032 0.939 0.029 1    
129:  0.073 0.855 0.072 1    
130:  0.040 0.922 0.038 1    
131:  0.127 0.769 0.105 1    
132:  0.062 0.877 0.061 1    
133:  0.186 0.630 0.184 1    
134:  0.026 0.948 0.026 1    
135:  0.112 0.785 0.103 1    
136:  0.165 0.687 0.148 1    
              
              
1:    0.421 0.073 0.506 1    
2:    0.435 0.173 0.392 1    
3:    0.232 0.574 0.195 1    
4:    0.370 0.282 0.347 1    
5:    0.431 0.049 0.520 1    
6:    0.314 0.409 0.277 1    
7:    0.165 0.675 0.161 1    
8:    0.487 0.046 0.467 1    
9:    0.376 0.174 0.450 1    
10:   0.467 0.060 0.474 1    
11:   0.503 0.065 0.432 1    
12:   0.338 0.283 0.379 1    
13:   0.354 0.353 0.294 1    
14:   0.471 0.028 0.502 1    
15:   0.408 0.199 0.392 1    
16:   0.450 0.034 0.516 1    
17:   0.369 0.309 0.322 1    
18:   0.467 0.069 0.464 1    
19:   0.517 0.048 0.435 1    
20:   0.458 0.122 0.420 1    
21:   0.514 0.057 0.429 1    
22:   0.199 0.628 0.173 1    
23:   0.100 0.791 0.108 1    
24:   0.401 0.122 0.478 1    
25:   0.390 0.156 0.454 1    
26:   0.242 0.571 0.188 1    
27:   0.411 0.137 0.452 1    
28:   0.494 0.078 0.428 1    
29:   0.441 0.110 0.450 1    
30:   0.351 0.315 0.334 1    
31:   0.485 0.049 0.466 1    
32:   0.471 0.050 0.479 1    
33:   0.334 0.378 0.289 1    
34:   0.393 0.265 0.342 1    
35:   0.351 0.315 0.335 1    
36:   0.415 0.091 0.494 1    
37:   0.362 0.309 0.329 1    
38:   0.138 0.732 0.130 1    
39:   0.426 0.071 0.503 1    
40:   0.410 0.187 0.403 1    
41:   0.425 0.075 0.500 1    
42:   0.394 0.127 0.478 1    
43:   0.526 0.038 0.437 1    
44:   0.477 0.038 0.485 1    
45:   0.434 0.072 0.495 1    
46:   0.519 0.049 0.432 1    
47:   0.439 0.138 0.423 1    
48:   0.448 0.041 0.511 1    
49:   0.465 0.046 0.489 1    
50:   0.483 0.101 0.416 1    
51:   0.435 0.039 0.526 1    
52:   0.388 0.235 0.377 1    
53:   0.369 0.206 0.425 1    
54:   0.434 0.197 0.369 1    
55:   0.263 0.517 0.220 1    
56:   0.141 0.735 0.123 1    
57:   0.267 0.459 0.273 1    
58:   0.443 0.098 0.459 1    
59:   0.069 0.861 0.070 1    
60:   0.482 0.038 0.480 1    
61:   0.456 0.154 0.390 1    
62:   0.459 0.152 0.389 1    
63:   0.503 0.064 0.433 1    
64:   0.055 0.900 0.045 1    
65:   0.438 0.033 0.528 1    
66:   0.364 0.293 0.343 1    
67:   0.055 0.892 0.054 1    
68:   0.277 0.486 0.237 1    
69:   0.358 0.214 0.428 1    
70:   0.411 0.097 0.492 1    
71:   0.445 0.090 0.465 1    
72:   0.100 0.801 0.099 1    
73:   0.052 0.898 0.050 1    
74:   0.508 0.057 0.435 1    
75:   0.434 0.200 0.366 1    
76:   0.424 0.070 0.507 1    
77:   0.433 0.046 0.521 1    
78:   0.471 0.101 0.428 1    
79:   0.479 0.114 0.407 1    
80:   0.429 0.073 0.499 1    
81:   0.396 0.196 0.407 1    
82:   0.463 0.145 0.392 1    
83:   0.350 0.270 0.380 1    
84:   0.428 0.064 0.508 1    
85:   0.031 0.940 0.029 1    
86:   0.433 0.088 0.479 1    
87:   0.120 0.746 0.134 1    
88:   0.471 0.084 0.445 1    
89:   0.501 0.076 0.424 1    
90:   0.400 0.123 0.477 1    
91:   0.456 0.097 0.448 1    
92:   0.370 0.207 0.423 1    
93:   0.461 0.059 0.480 1    
94:   0.388 0.156 0.456 1    
95:   0.380 0.279 0.341 1    
96:   0.277 0.467 0.256 1    
97:   0.075 0.854 0.072 1    
98:   0.433 0.080 0.487 1    
99:   0.443 0.054 0.503 1    
100:  0.419 0.114 0.466 1    
101:  0.455 0.106 0.439 1    
102:  0.329 0.280 0.391 1    
103:  0.423 0.228 0.349 1    
104:  0.146 0.698 0.157 1    
105:  0.423 0.060 0.517 1    
106:  0.053 0.900 0.047 1    
107:  0.344 0.284 0.372 1    
108:  0.472 0.041 0.487 1    
109:  0.421 0.077 0.502 1    
110:  0.398 0.140 0.463 1    
111:  0.494 0.077 0.428 1    
112:  0.496 0.081 0.423 1    
113:  0.397 0.200 0.404 1    
114:  0.146 0.723 0.131 1    
115:  0.430 0.084 0.486 1    
116:  0.443 0.168 0.389 1    
117:  0.042 0.918 0.040 1    
118:  0.025 0.950 0.025 1    
119:  0.167 0.677 0.155 1    
120:  0.052 0.899 0.049 1    
121:  0.022 0.955 0.022 1    
122:  0.051 0.898 0.051 1    
123:  0.172 0.663 0.165 1    
124:  0.104 0.791 0.106 1    
125:  0.051 0.903 0.046 1    
126:  0.041 0.917 0.042 1    
127:  0.036 0.929 0.035 1    
128:  0.032 0.939 0.029 1    
129:  0.073 0.855 0.072 1    
130:  0.040 0.922 0.038 1    
131:  0.127 0.769 0.105 1    
132:  0.062 0.877 0.061 1    
133:  0.186 0.630 0.184 1    
134:  0.026 0.948 0.026 1    
135:  0.112 0.785 0.103 1    
136:  0.165 0.687 0.148 1    
              
              
1:    0.421 0.073 0.506 1    
2:    0.435 0.173 0.392 1    
3:    0.232 0.574 0.195 1    
4:    0.370 0.282 0.347 1    
5:    0.431 0.049 0.520 1    
6:    0.314 0.409 0.277 1    
7:    0.165 0.675 0.161 1    
8:    0.487 0.046 0.467 1    
9:    0.376 0.174 0.450 1    
10:   0.467 0.060 0.474 1    
11:   0.503 0.065 0.432 1    
12:   0.338 0.283 0.379 1    
13:   0.354 0.353 0.294 1    
14:   0.471 0.028 0.502 1    
15:   0.408 0.199 0.392 1    
16:   0.450 0.034 0.516 1    
17:   0.369 0.309 0.322 1    
18:   0.467 0.069 0.464 1    
19:   0.517 0.048 0.435 1    
20:   0.458 0.122 0.420 1    
21:   0.514 0.057 0.429 1    
22:   0.199 0.628 0.173 1    
23:   0.100 0.791 0.108 1    
24:   0.401 0.122 0.478 1    
25:   0.390 0.156 0.454 1    
26:   0.242 0.571 0.188 1    
27:   0.411 0.137 0.452 1    
28:   0.494 0.078 0.428 1    
29:   0.441 0.110 0.450 1    
30:   0.351 0.315 0.334 1    
31:   0.485 0.049 0.466 1    
32:   0.471 0.050 0.479 1    
33:   0.334 0.378 0.289 1    
34:   0.393 0.265 0.342 1    
35:   0.351 0.315 0.335 1    
36:   0.415 0.091 0.494 1    
37:   0.362 0.309 0.329 1    
38:   0.138 0.732 0.130 1    
39:   0.426 0.071 0.503 1    
40:   0.410 0.187 0.403 1    
41:   0.425 0.075 0.500 1    
42:   0.394 0.127 0.478 1    
43:   0.526 0.038 0.437 1    
44:   0.477 0.038 0.485 1    
45:   0.434 0.072 0.495 1    
46:   0.519 0.049 0.432 1    
47:   0.439 0.138 0.423 1    
48:   0.448 0.041 0.511 1    
49:   0.465 0.046 0.489 1    
50:   0.483 0.101 0.416 1    
51:   0.435 0.039 0.526 1    
52:   0.388 0.235 0.377 1    
53:   0.369 0.206 0.425 1    
54:   0.434 0.197 0.369 1    
55:   0.263 0.517 0.220 1    
56:   0.141 0.735 0.123 1    
57:   0.267 0.459 0.273 1    
58:   0.443 0.098 0.459 1    
59:   0.069 0.861 0.070 1    
60:   0.482 0.038 0.480 1    
61:   0.456 0.154 0.390 1    
62:   0.459 0.152 0.389 1    
63:   0.503 0.064 0.433 1    
64:   0.055 0.900 0.045 1    
65:   0.438 0.033 0.528 1    
66:   0.364 0.293 0.343 1    
67:   0.055 0.892 0.054 1    
68:   0.277 0.486 0.237 1    
69:   0.358 0.214 0.428 1    
70:   0.411 0.097 0.492 1    
71:   0.445 0.090 0.465 1    
72:   0.100 0.801 0.099 1    
73:   0.052 0.898 0.050 1    
74:   0.508 0.057 0.435 1    
75:   0.434 0.200 0.366 1    
76:   0.424 0.070 0.507 1    
77:   0.433 0.046 0.521 1    
78:   0.471 0.101 0.428 1    
79:   0.479 0.114 0.407 1    
80:   0.429 0.073 0.499 1    
81:   0.396 0.196 0.407 1    
82:   0.463 0.145 0.392 1    
83:   0.350 0.270 0.380 1    
84:   0.428 0.064 0.508 1    
85:   0.031 0.940 0.029 1    
86:   0.433 0.088 0.479 1    
87:   0.120 0.746 0.134 1    
88:   0.471 0.084 0.445 1    
89:   0.501 0.076 0.424 1    
90:   0.400 0.123 0.477 1    
91:   0.456 0.097 0.448 1    
92:   0.370 0.207 0.423 1    
93:   0.461 0.059 0.480 1    
94:   0.388 0.156 0.456 1    
95:   0.380 0.279 0.341 1    
96:   0.277 0.467 0.256 1    
97:   0.075 0.854 0.072 1    
98:   0.433 0.080 0.487 1    
99:   0.443 0.054 0.503 1    
100:  0.419 0.114 0.466 1    
101:  0.455 0.106 0.439 1    
102:  0.329 0.280 0.391 1    
103:  0.423 0.228 0.349 1    
104:  0.146 0.698 0.157 1    
105:  0.423 0.060 0.517 1    
106:  0.053 0.900 0.047 1    
107:  0.344 0.284 0.372 1    
108:  0.472 0.041 0.487 1    
109:  0.421 0.077 0.502 1    
110:  0.398 0.140 0.463 1    
111:  0.494 0.077 0.428 1    
112:  0.496 0.081 0.423 1    
113:  0.397 0.200 0.404 1    
114:  0.146 0.723 0.131 1    
115:  0.430 0.084 0.486 1    
116:  0.443 0.168 0.389 1    
117:  0.042 0.918 0.040 1    
118:  0.025 0.950 0.025 1    
119:  0.167 0.677 0.155 1    
120:  0.052 0.899 0.049 1    
121:  0.022 0.955 0.022 1    
122:  0.051 0.898 0.051 1    
123:  0.172 0.663 0.165 1    
124:  0.104 0.791 0.106 1    
125:  0.051 0.903 0.046 1    
126:  0.041 0.917 0.042 1    
127:  0.036 0.929 0.035 1    
128:  0.032 0.939 0.029 1    
129:  0.073 0.855 0.072 1    
130:  0.040 0.922 0.038 1    
131:  0.127 0.769 0.105 1    
132:  0.062 0.877 0.061 1    
133:  0.186 0.630 0.184 1    
134:  0.026 0.948 0.026 1    
135:  0.112 0.785 0.103 1    
136:  0.165 0.687 0.148 1    
              
              
1:    0.421 0.073 0.506 1    
2:    0.435 0.173 0.392 1    
3:    0.232 0.574 0.195 1    
4:    0.370 0.282 0.347 1    
5:    0.431 0.049 0.520 1    
6:    0.314 0.409 0.277 1    
7:    0.165 0.675 0.161 1    
8:    0.487 0.046 0.467 1    
9:    0.376 0.174 0.450 1    
10:   0.467 0.060 0.474 1    
11:   0.503 0.065 0.432 1    
12:   0.338 0.283 0.379 1    
13:   0.354 0.353 0.294 1    
14:   0.471 0.028 0.502 1    
15:   0.408 0.199 0.392 1    
16:   0.450 0.034 0.516 1    
17:   0.369 0.309 0.322 1    
18:   0.467 0.069 0.464 1    
19:   0.517 0.048 0.435 1    
20:   0.458 0.122 0.420 1    
21:   0.514 0.057 0.429 1    
22:   0.199 0.628 0.173 1    
23:   0.100 0.791 0.108 1    
24:   0.401 0.122 0.478 1    
25:   0.390 0.156 0.454 1    
26:   0.242 0.571 0.188 1    
27:   0.411 0.137 0.452 1    
28:   0.494 0.078 0.428 1    
29:   0.441 0.110 0.450 1    
30:   0.351 0.315 0.334 1    
31:   0.485 0.049 0.466 1    
32:   0.471 0.050 0.479 1    
33:   0.334 0.378 0.289 1    
34:   0.393 0.265 0.342 1    
35:   0.351 0.315 0.335 1    
36:   0.415 0.091 0.494 1    
37:   0.362 0.309 0.329 1    
38:   0.138 0.732 0.130 1    
39:   0.426 0.071 0.503 1    
40:   0.410 0.187 0.403 1    
41:   0.425 0.075 0.500 1    
42:   0.394 0.127 0.478 1    
43:   0.526 0.038 0.437 1    
44:   0.477 0.038 0.485 1    
45:   0.434 0.072 0.495 1    
46:   0.519 0.049 0.432 1    
47:   0.439 0.138 0.423 1    
48:   0.448 0.041 0.511 1    
49:   0.465 0.046 0.489 1    
50:   0.483 0.101 0.416 1    
51:   0.435 0.039 0.526 1    
52:   0.388 0.235 0.377 1    
53:   0.369 0.206 0.425 1    
54:   0.434 0.197 0.369 1    
55:   0.263 0.517 0.220 1    
56:   0.141 0.735 0.123 1    
57:   0.267 0.459 0.273 1    
58:   0.443 0.098 0.459 1    
59:   0.069 0.861 0.070 1    
60:   0.482 0.038 0.480 1    
61:   0.456 0.154 0.390 1    
62:   0.459 0.152 0.389 1    
63:   0.503 0.064 0.433 1    
64:   0.055 0.900 0.045 1    
65:   0.438 0.033 0.528 1    
66:   0.364 0.293 0.343 1    
67:   0.055 0.892 0.054 1    
68:   0.277 0.486 0.237 1    
69:   0.358 0.214 0.428 1    
70:   0.411 0.097 0.492 1    
71:   0.445 0.090 0.465 1    
72:   0.100 0.801 0.099 1    
73:   0.052 0.898 0.050 1    
74:   0.508 0.057 0.435 1    
75:   0.434 0.200 0.366 1    
76:   0.424 0.070 0.507 1    
77:   0.433 0.046 0.521 1    
78:   0.471 0.101 0.428 1    
79:   0.479 0.114 0.407 1    
80:   0.429 0.073 0.499 1    
81:   0.396 0.196 0.407 1    
82:   0.463 0.145 0.392 1    
83:   0.350 0.270 0.380 1    
84:   0.428 0.064 0.508 1    
85:   0.031 0.940 0.029 1    
86:   0.433 0.088 0.479 1    
87:   0.120 0.746 0.134 1    
88:   0.471 0.084 0.445 1    
89:   0.501 0.076 0.424 1    
90:   0.400 0.123 0.477 1    
91:   0.456 0.097 0.448 1    
92:   0.370 0.207 0.423 1    
93:   0.461 0.059 0.480 1    
94:   0.388 0.156 0.456 1    
95:   0.380 0.279 0.341 1    
96:   0.277 0.467 0.256 1    
97:   0.075 0.854 0.072 1    
98:   0.433 0.080 0.487 1    
99:   0.443 0.054 0.503 1    
100:  0.419 0.114 0.466 1    
101:  0.455 0.106 0.439 1    
102:  0.329 0.280 0.391 1    
103:  0.423 0.228 0.349 1    
104:  0.146 0.698 0.157 1    
105:  0.423 0.060 0.517 1    
106:  0.053 0.900 0.047 1    
107:  0.344 0.284 0.372 1    
108:  0.472 0.041 0.487 1    
109:  0.421 0.077 0.502 1    
110:  0.398 0.140 0.463 1    
111:  0.494 0.077 0.428 1    
112:  0.496 0.081 0.423 1    
113:  0.397 0.200 0.404 1    
114:  0.146 0.723 0.131 1    
115:  0.430 0.084 0.486 1    
116:  0.443 0.168 0.389 1    
117:  0.042 0.918 0.040 1    
118:  0.025 0.950 0.025 1    
119:  0.167 0.677 0.155 1    
120:  0.052 0.899 0.049 1    
121:  0.022 0.955 0.022 1    
122:  0.051 0.898 0.051 1    
123:  0.172 0.663 0.165 1    
124:  0.104 0.791 0.106 1    
125:  0.051 0.903 0.046 1    
126:  0.041 0.917 0.042 1    
127:  0.036 0.929 0.035 1    
128:  0.032 0.939 0.029 1    
129:  0.073 0.855 0.072 1    
130:  0.040 0.922 0.038 1    
131:  0.127 0.769 0.105 1    
132:  0.062 0.877 0.061 1    
133:  0.186 0.630 0.184 1    
134:  0.026 0.948 0.026 1    
135:  0.112 0.785 0.103 1    
136:  0.165 0.687 0.148 1    
              
              
1:    0.472 0.076 0.452 1    
2:    0.431 0.165 0.404 1    
3:    0.215 0.573 0.212 1    
4:    0.358 0.282 0.361 1    
5:    0.494 0.051 0.455 1    
6:    0.306 0.398 0.296 1    
7:    0.159 0.678 0.163 1    
8:    0.513 0.046 0.441 1    
9:    0.424 0.160 0.416 1    
10:   0.492 0.061 0.447 1    
11:   0.462 0.065 0.473 1    
12:   0.386 0.244 0.370 1    
13:   0.298 0.378 0.325 1    
14:   0.524 0.028 0.448 1    
15:   0.376 0.217 0.407 1    
16:   0.499 0.036 0.465 1    
17:   0.319 0.328 0.353 1    
18:   0.472 0.068 0.460 1    
19:   0.463 0.051 0.486 1    
20:   0.447 0.122 0.431 1    
21:   0.460 0.059 0.481 1    
22:   0.172 0.626 0.202 1    
23:   0.102 0.779 0.119 1    
24:   0.459 0.118 0.422 1    
25:   0.439 0.146 0.415 1    
26:   0.189 0.599 0.212 1    
27:   0.435 0.142 0.423 1    
28:   0.451 0.079 0.470 1    
29:   0.465 0.106 0.430 1    
30:   0.315 0.335 0.350 1    
31:   0.489 0.049 0.462 1    
32:   0.484 0.049 0.467 1    
33:   0.296 0.385 0.319 1    
34:   0.390 0.245 0.365 1    
35:   0.351 0.294 0.355 1    
36:   0.462 0.085 0.453 1    
37:   0.326 0.322 0.353 1    
38:   0.128 0.728 0.144 1    
39:   0.476 0.068 0.456 1    
40:   0.397 0.189 0.414 1    
41:   0.474 0.071 0.455 1    
42:   0.448 0.123 0.429 1    
43:   0.471 0.041 0.487 1    
44:   0.517 0.038 0.445 1    
45:   0.478 0.071 0.451 1    
46:   0.465 0.052 0.484 1    
47:   0.429 0.135 0.436 1    
48:   0.500 0.040 0.460 1    
49:   0.509 0.048 0.443 1    
50:   0.453 0.098 0.449 1    
51:   0.491 0.047 0.463 1    
52:   0.390 0.234 0.375 1    
53:   0.403 0.209 0.388 1    
54:   0.376 0.220 0.405 1    
55:   0.257 0.491 0.252 1    
56:   0.148 0.714 0.138 1    
57:   0.278 0.459 0.263 1    
58:   0.458 0.101 0.441 1    
59:   0.064 0.858 0.077 1    
60:   0.509 0.039 0.452 1    
61:   0.404 0.168 0.428 1    
62:   0.439 0.137 0.424 1    
63:   0.466 0.064 0.470 1    
64:   0.050 0.896 0.054 1    
65:   0.501 0.034 0.465 1    
66:   0.324 0.311 0.365 1    
67:   0.056 0.889 0.055 1    
68:   0.262 0.467 0.271 1    
69:   0.407 0.187 0.406 1    
70:   0.463 0.095 0.442 1    
71:   0.461 0.092 0.447 1    
72:   0.097 0.792 0.111 1    
73:   0.053 0.897 0.050 1    
74:   0.464 0.060 0.476 1    
75:   0.421 0.184 0.395 1    
76:   0.476 0.072 0.452 1    
77:   0.493 0.048 0.459 1    
78:   0.454 0.099 0.447 1    
79:   0.436 0.117 0.447 1    
80:   0.483 0.067 0.450 1    
81:   0.388 0.198 0.414 1    
82:   0.414 0.149 0.437 1    
83:   0.355 0.269 0.376 1    
84:   0.484 0.066 0.450 1    
85:   0.030 0.937 0.032 1    
86:   0.466 0.084 0.450 1    
87:   0.130 0.733 0.137 1    
88:   0.475 0.080 0.445 1    
89:   0.455 0.076 0.469 1    
90:   0.445 0.117 0.437 1    
91:   0.459 0.099 0.442 1    
92:   0.403 0.218 0.379 1    
93:   0.457 0.064 0.479 1    
94:   0.419 0.168 0.413 1    
95:   0.364 0.271 0.365 1    
96:   0.244 0.479 0.276 1    
97:   0.076 0.849 0.076 1    
98:   0.483 0.079 0.438 1    
99:   0.486 0.054 0.460 1    
100:  0.440 0.114 0.446 1    
101:  0.458 0.101 0.441 1    
102:  0.347 0.282 0.371 1    
103:  0.369 0.241 0.389 1    
104:  0.153 0.682 0.166 1    
105:  0.487 0.060 0.452 1    
106:  0.051 0.894 0.055 1    
107:  0.364 0.267 0.369 1    
108:  0.508 0.040 0.452 1    
109:  0.467 0.076 0.457 1    
110:  0.437 0.150 0.413 1    
111:  0.476 0.069 0.455 1    
112:  0.455 0.082 0.463 1    
113:  0.417 0.182 0.401 1    
114:  0.124 0.733 0.143 1    
115:  0.460 0.082 0.457 1    
116:  0.422 0.171 0.407 1    
117:  0.039 0.915 0.046 1    
118:  0.025 0.948 0.027 1    
119:  0.143 0.683 0.174 1    
120:  0.050 0.891 0.059 1    
121:  0.023 0.951 0.026 1    
122:  0.049 0.895 0.056 1    
123:  0.148 0.672 0.180 1    
124:  0.106 0.788 0.105 1    
125:  0.043 0.908 0.049 1    
126:  0.042 0.915 0.043 1    
127:  0.034 0.925 0.040 1    
128:  0.032 0.932 0.036 1    
129:  0.067 0.861 0.073 1    
130:  0.038 0.922 0.040 1    
131:  0.092 0.793 0.115 1    
132:  0.056 0.877 0.067 1    
133:  0.170 0.636 0.194 1    
134:  0.025 0.947 0.027 1    
135:  0.109 0.779 0.112 1    
136:  0.144 0.702 0.154 1    
              
              
1:    0.434 0.066 0.500 1    
2:    0.446 0.164 0.391 1    
3:    0.217 0.581 0.202 1    
4:    0.365 0.291 0.344 1    
5:    0.446 0.045 0.509 1    
6:    0.297 0.416 0.287 1    
7:    0.153 0.690 0.157 1    
8:    0.488 0.041 0.471 1    
9:    0.392 0.160 0.448 1    
10:   0.475 0.057 0.468 1    
11:   0.502 0.058 0.439 1    
12:   0.366 0.246 0.388 1    
13:   0.343 0.362 0.295 1    
14:   0.489 0.026 0.485 1    
15:   0.409 0.196 0.395 1    
16:   0.461 0.031 0.507 1    
17:   0.353 0.326 0.321 1    
18:   0.481 0.064 0.455 1    
19:   0.508 0.045 0.448 1    
20:   0.457 0.114 0.429 1    
21:   0.505 0.050 0.445 1    
22:   0.183 0.635 0.181 1    
23:   0.093 0.798 0.109 1    
24:   0.420 0.113 0.467 1    
25:   0.405 0.139 0.456 1    
26:   0.204 0.601 0.195 1    
27:   0.418 0.136 0.446 1    
28:   0.488 0.074 0.438 1    
29:   0.447 0.102 0.450 1    
30:   0.344 0.321 0.335 1    
31:   0.494 0.044 0.462 1    
32:   0.488 0.045 0.467 1    
33:   0.315 0.395 0.289 1    
34:   0.409 0.242 0.349 1    
35:   0.332 0.310 0.358 1    
36:   0.427 0.080 0.492 1    
37:   0.353 0.321 0.326 1    
38:   0.132 0.734 0.134 1    
39:   0.441 0.062 0.497 1    
40:   0.406 0.184 0.410 1    
41:   0.443 0.067 0.489 1    
42:   0.411 0.116 0.472 1    
43:   0.518 0.033 0.450 1    
44:   0.490 0.035 0.475 1    
45:   0.444 0.065 0.491 1    
46:   0.512 0.044 0.445 1    
47:   0.440 0.134 0.425 1    
48:   0.460 0.036 0.504 1    
49:   0.482 0.044 0.474 1    
50:   0.489 0.092 0.420 1    
51:   0.449 0.036 0.515 1    
52:   0.388 0.240 0.372 1    
53:   0.377 0.200 0.423 1    
54:   0.426 0.203 0.371 1    
55:   0.253 0.517 0.230 1    
56:   0.140 0.739 0.122 1    
57:   0.264 0.465 0.271 1    
58:   0.450 0.100 0.451 1    
59:   0.061 0.876 0.063 1    
60:   0.497 0.035 0.469 1    
61:   0.445 0.158 0.396 1    
62:   0.463 0.136 0.401 1    
63:   0.506 0.059 0.436 1    
64:   0.050 0.903 0.047 1    
65:   0.453 0.029 0.518 1    
66:   0.366 0.294 0.340 1    
67:   0.049 0.902 0.050 1    
68:   0.270 0.492 0.239 1    
69:   0.377 0.184 0.439 1    
70:   0.424 0.089 0.487 1    
71:   0.453 0.086 0.461 1    
72:   0.089 0.813 0.097 1    
73:   0.046 0.909 0.045 1    
74:   0.507 0.053 0.440 1    
75:   0.434 0.186 0.380 1    
76:   0.438 0.064 0.499 1    
77:   0.447 0.042 0.511 1    
78:   0.471 0.095 0.434 1    
79:   0.471 0.114 0.415 1    
80:   0.440 0.062 0.498 1    
81:   0.407 0.192 0.401 1    
82:   0.451 0.145 0.405 1    
83:   0.348 0.277 0.376 1    
84:   0.444 0.059 0.498 1    
85:   0.027 0.947 0.027 1    
86:   0.435 0.083 0.482 1    
87:   0.121 0.745 0.134 1    
88:   0.475 0.077 0.448 1    
89:   0.497 0.072 0.432 1    
90:   0.416 0.106 0.478 1    
91:   0.447 0.093 0.459 1    
92:   0.379 0.209 0.412 1    
93:   0.468 0.057 0.474 1    
94:   0.387 0.160 0.452 1    
95:   0.386 0.273 0.341 1    
96:   0.266 0.490 0.244 1    
97:   0.072 0.860 0.068 1    
98:   0.444 0.072 0.484 1    
99:   0.456 0.048 0.496 1    
100:  0.412 0.110 0.478 1    
101:  0.452 0.100 0.447 1    
102:  0.333 0.275 0.393 1    
103:  0.403 0.239 0.358 1    
104:  0.145 0.696 0.160 1    
105:  0.444 0.053 0.503 1    
106:  0.048 0.905 0.047 1    
107:  0.340 0.273 0.388 1    
108:  0.478 0.036 0.485 1    
109:  0.429 0.069 0.501 1    
110:  0.410 0.142 0.448 1    
111:  0.501 0.066 0.432 1    
112:  0.488 0.078 0.434 1    
113:  0.393 0.191 0.416 1    
114:  0.133 0.742 0.125 1    
115:  0.430 0.081 0.489 1    
116:  0.445 0.166 0.389 1    
117:  0.037 0.926 0.037 1    
118:  0.022 0.956 0.022 1    
119:  0.167 0.683 0.150 1    
120:  0.046 0.907 0.047 1    
121:  0.020 0.960 0.021 1    
122:  0.047 0.906 0.048 1    
123:  0.167 0.674 0.159 1    
124:  0.099 0.799 0.102 1    
125:  0.043 0.915 0.043 1    
126:  0.037 0.926 0.037 1    
127:  0.033 0.934 0.033 1    
128:  0.029 0.944 0.028 1    
129:  0.063 0.873 0.064 1    
130:  0.034 0.931 0.034 1    
131:  0.100 0.804 0.096 1    
132:  0.053 0.891 0.056 1    
133:  0.165 0.659 0.176 1    
134:  0.022 0.954 0.023 1    
135:  0.108 0.793 0.099 1    
136:  0.142 0.721 0.137 1    
              
              
1:    0.291 0.089 0.620 1    
2:    0.456 0.194 0.350 1    
3:    0.263 0.580 0.157 1    
4:    0.370 0.301 0.329 1    
5:    0.271 0.068 0.661 1    
6:    0.335 0.399 0.266 1    
7:    0.186 0.643 0.171 1    
8:    0.427 0.057 0.516 1    
9:    0.274 0.191 0.534 1    
10:   0.356 0.068 0.577 1    
11:   0.605 0.079 0.316 1    
12:   0.261 0.301 0.438 1    
13:   0.425 0.384 0.190 1    
14:   0.349 0.035 0.616 1    
15:   0.508 0.198 0.294 1    
16:   0.296 0.044 0.660 1    
17:   0.473 0.319 0.209 1    
18:   0.486 0.080 0.434 1    
19:   0.636 0.063 0.301 1    
20:   0.492 0.134 0.374 1    
21:   0.617 0.076 0.307 1    
22:   0.250 0.619 0.132 1    
23:   0.113 0.778 0.109 1    
24:   0.268 0.144 0.587 1    
25:   0.272 0.178 0.549 1    
26:   0.309 0.556 0.135 1    
27:   0.356 0.149 0.495 1    
28:   0.584 0.098 0.318 1    
29:   0.397 0.124 0.479 1    
30:   0.414 0.309 0.276 1    
31:   0.493 0.060 0.447 1    
32:   0.467 0.062 0.471 1    
33:   0.391 0.382 0.227 1    
34:   0.416 0.292 0.293 1    
35:   0.356 0.313 0.330 1    
36:   0.292 0.114 0.593 1    
37:   0.437 0.303 0.260 1    
38:   0.195 0.686 0.119 1    
39:   0.311 0.085 0.604 1    
40:   0.424 0.201 0.375 1    
41:   0.325 0.088 0.588 1    
42:   0.256 0.162 0.581 1    
43:   0.637 0.056 0.307 1    
44:   0.370 0.049 0.581 1    
45:   0.323 0.086 0.591 1    
46:   0.629 0.069 0.302 1    
47:   0.467 0.155 0.378 1    
48:   0.334 0.050 0.616 1    
49:   0.389 0.056 0.555 1    
50:   0.555 0.127 0.318 1    
51:   0.275 0.059 0.666 1    
52:   0.372 0.242 0.385 1    
53:   0.301 0.204 0.495 1    
54:   0.556 0.216 0.228 1    
55:   0.273 0.506 0.221 1    
56:   0.149 0.725 0.126 1    
57:   0.239 0.460 0.300 1    
58:   0.427 0.111 0.462 1    
59:   0.111 0.818 0.072 1    
60:   0.444 0.048 0.509 1    
61:   0.551 0.171 0.277 1    
62:   0.511 0.184 0.305 1    
63:   0.596 0.080 0.324 1    
64:   0.075 0.877 0.049 1    
65:   0.279 0.046 0.675 1    
66:   0.472 0.293 0.235 1    
67:   0.068 0.866 0.066 1    
68:   0.305 0.507 0.188 1    
69:   0.252 0.246 0.502 1    
70:   0.270 0.121 0.609 1    
71:   0.398 0.102 0.499 1    
72:   0.141 0.757 0.102 1    
73:   0.063 0.875 0.062 1    
74:   0.607 0.076 0.317 1    
75:   0.477 0.214 0.309 1    
76:   0.292 0.086 0.623 1    
77:   0.273 0.059 0.668 1    
78:   0.543 0.111 0.346 1    
79:   0.567 0.130 0.303 1    
80:   0.288 0.088 0.625 1    
81:   0.427 0.217 0.357 1    
82:   0.550 0.150 0.300 1    
83:   0.335 0.280 0.385 1    
84:   0.290 0.080 0.630 1    
85:   0.044 0.921 0.035 1    
86:   0.346 0.097 0.557 1    
87:   0.129 0.723 0.148 1    
88:   0.443 0.094 0.463 1    
89:   0.607 0.088 0.306 1    
90:   0.279 0.152 0.569 1    
91:   0.434 0.112 0.455 1    
92:   0.279 0.220 0.502 1    
93:   0.484 0.072 0.444 1    
94:   0.274 0.177 0.549 1    
95:   0.426 0.283 0.291 1    
96:   0.360 0.460 0.180 1    
97:   0.092 0.827 0.081 1    
98:   0.296 0.091 0.613 1    
99:   0.349 0.067 0.584 1    
100:  0.352 0.126 0.522 1    
101:  0.466 0.130 0.404 1    
102:  0.286 0.307 0.407 1    
103:  0.492 0.233 0.274 1    
104:  0.154 0.693 0.153 1    
105:  0.264 0.078 0.658 1    
106:  0.078 0.873 0.049 1    
107:  0.302 0.287 0.411 1    
108:  0.355 0.049 0.596 1    
109:  0.298 0.091 0.611 1    
110:  0.283 0.159 0.558 1    
111:  0.550 0.092 0.358 1    
112:  0.575 0.094 0.331 1    
113:  0.358 0.208 0.434 1    
114:  0.216 0.689 0.095 1    
115:  0.334 0.098 0.567 1    
116:  0.488 0.184 0.327 1    
117:  0.071 0.887 0.042 1    
118:  0.036 0.933 0.031 1    
119:  0.237 0.655 0.108 1    
120:  0.090 0.855 0.054 1    
121:  0.035 0.938 0.027 1    
122:  0.076 0.873 0.051 1    
123:  0.249 0.625 0.126 1    
124:  0.114 0.770 0.115 1    
125:  0.070 0.884 0.046 1    
126:  0.054 0.892 0.054 1    
127:  0.057 0.906 0.037 1    
128:  0.052 0.915 0.032 1    
129:  0.094 0.828 0.078 1    
130:  0.052 0.904 0.044 1    
131:  0.169 0.753 0.077 1    
132:  0.091 0.845 0.064 1    
133:  0.228 0.604 0.168 1    
134:  0.033 0.934 0.033 1    
135:  0.146 0.756 0.098 1    
136:  0.202 0.665 0.133 1    
