  mdo9 mdo5 mdo7 mdo10 mdo6 mdo3 mdo2 lma21 msaf29 msaf05 msaf14 msaf17 msaf09 msaf06
FBS_01 1 123 200 163 102 146 117 198 194 139 -9 175 116 160 124
FBS_01 1 129 202 169 108 146 117 198 198 163 -9 213 124 168 124
FBS_02 1 125 196 163 102 148 117 198 192 123 128 177 102 168 102
FBS_02 1 133 196 167 102 148 117 198 196 123 146 215 124 168 132
FBS_03 1 125 196 167 102 148 105 196 194 121 130 189 108 164 108
FBS_03 1 125 196 167 102 150 105 198 196 163 148 207 112 168 132
FBS_04 1 123 196 167 100 146 117 198 190 125 126 189 108 166 108
FBS_04 1 125 200 169 102 146 117 198 190 139 126 229 122 174 128
FBS_05 1 123 196 163 102 146 117 198 194 125 128 175 112 170 102
FBS_05 1 129 196 167 108 146 117 198 196 159 156 189 124 174 118
FBS_06 1 123 196 167 102 146 117 194 190 123 140 185 104 156 110
FBS_06 1 125 200 167 102 148 117 198 196 161 146 203 112 166 124
FBS_07 1 131 196 167 102 146 117 184 194 161 140 175 110 164 124
FBS_07 1 133 196 169 102 148 117 198 196 165 146 219 116 166 124
FBS_08 1 125 196 167 102 146 117 196 190 159 128 175 120 164 108
FBS_08 1 125 200 167 102 150 119 198 196 159 128 177 124 168 132
FBS_09 1 123 196 167 102 148 117 196 190 121 130 183 116 166 112
FBS_09 1 129 196 167 102 148 117 198 196 139 146 213 124 166 124
FBS_10 1 123 196 167 102 146 117 184 190 135 -9 175 108 164 110
FBS_10 1 123 196 169 102 148 119 198 196 135 -9 175 120 168 124
FBS_11 1 123 200 167 100 148 117 196 192 123 146 175 108 162 110
FBS_11 1 129 200 167 102 148 117 196 194 125 146 175 110 164 142
FBS_12 1 123 196 163 102 146 117 198 194 125 128 175 98 156 112
FBS_12 1 123 200 167 102 148 117 200 196 125 128 189 102 168 124
FBS_13 1 131 196 163 102 146 105 184 192 159 126 205 108 168 110
FBS_13 1 131 196 167 102 148 117 198 192 165 146 205 126 168 132
FBS_14 1 123 196 167 102 146 117 198 190 139 128 -9 120 162 102
FBS_14 1 123 200 167 102 148 117 198 196 159 128 -9 124 164 108
FBS_15 1 125 196 167 102 148 117 196 190 139 144 175 110 168 110
FBS_15 1 129 196 167 108 148 117 196 190 157 144 175 112 168 130
FBS_16 1 123 196 167 102 146 117 198 190 135 126 175 112 174 110
FBS_16 1 123 196 167 102 146 117 198 196 161 128 211 120 174 124
FBS_17 1 125 196 163 102 146 117 196 192 125 138 -9 106 164 120
FBS_17 1 129 200 167 102 148 117 198 196 141 138 -9 126 168 126
FBS_18 1 125 196 163 102 146 117 194 190 125 130 175 102 162 102
FBS_18 1 129 196 169 102 148 119 198 200 139 146 175 110 162 110
FBS_19 1 123 200 167 100 146 117 196 192 145 146 175 102 168 114
FBS_19 1 129 200 169 102 148 117 198 196 159 146 175 104 168 122
FBS_20 1 125 196 163 102 146 117 196 190 147 128 175 108 164 110
FBS_20 1 133 200 169 108 148 117 198 196 159 146 183 108 168 124
FBS_21 1 123 196 167 100 146 105 198 190 145 142 175 108 166 110
FBS_21 1 123 200 167 102 146 117 198 196 167 146 187 112 168 110
FBS_22 1 129 202 163 102 148 117 196 196 125 146 187 112 164 126
FBS_22 1 129 202 167 102 148 117 196 198 125 146 187 122 164 134
FBS_23 1 123 196 167 102 146 117 196 190 143 140 225 106 164 116
FBS_23 1 125 196 167 108 148 117 198 192 171 140 243 120 168 126
FBS_24 1 123 196 167 102 146 117 194 196 159 126 183 112 162 102
FBS_24 1 129 202 167 102 148 119 198 196 173 128 199 124 174 110
FBS_25 1 123 196 167 102 146 117 196 194 121 128 175 110 160 110
FBS_25 1 123 200 169 102 148 119 198 196 159 128 217 136 168 124
FBS_26 1 125 196 167 102 148 117 196 192 165 146 187 100 164 124
FBS_26 1 125 196 167 102 150 119 196 194 165 150 189 104 166 142
FBS_27 1 125 196 167 102 146 117 184 192 125 128 175 118 158 132
FBS_27 1 129 196 167 102 148 117 198 196 139 130 175 120 160 142
FBS_28 1 129 196 167 102 146 105 198 196 145 130 187 106 158 110
FBS_28 1 129 200 167 102 146 117 198 200 159 146 187 108 164 110
FBS_29 1 129 196 167 102 146 105 198 190 143 128 175 110 164 110
FBS_29 1 129 200 167 102 148 117 198 196 169 128 175 124 168 126
FBS_30 1 123 196 163 102 146 117 194 192 -9 146 175 100 166 126
FBS_30 1 129 196 163 102 148 117 198 196 -9 146 175 110 168 142
FBS_31 1 123 196 163 102 146 117 196 196 159 128 175 108 164 110
FBS_31 1 125 196 167 102 148 117 198 196 159 128 183 126 166 130
FBS_32 1 123 196 163 102 146 117 196 190 123 128 175 102 162 102
FBS_32 1 123 200 167 108 148 117 198 198 159 144 175 108 168 142
FBS_33 1 123 196 167 102 146 117 198 190 161 146 189 108 156 122
FBS_33 1 123 196 167 102 148 129 198 196 161 146 211 110 168 126
FBS_34 1 123 200 167 100 148 105 196 194 161 128 177 112 164 102
FBS_34 1 123 202 167 102 148 105 196 196 175 128 207 118 164 102
FBS_35 1 125 196 167 102 150 117 196 190 143 146 185 102 164 114
FBS_35 1 129 196 167 102 150 119 196 196 143 146 187 106 166 132
FBS_36 1 123 196 167 102 148 117 198 180 143 132 203 102 164 124
FBS_36 1 129 196 167 102 148 117 198 194 159 142 213 106 166 124
FBS_37 1 129 196 163 102 148 117 184 192 139 128 189 106 164 110
FBS_37 1 129 202 167 102 148 119 196 196 165 142 189 120 166 124
FBS_38 1 129 196 163 102 148 117 184 190 139 130 183 114 168 110
FBS_38 1 129 200 167 102 148 129 184 196 143 146 183 126 168 124
FBS_39 1 123 196 167 102 146 117 196 190 141 128 175 106 158 102
FBS_39 1 123 200 167 102 148 119 198 198 163 146 213 116 164 108
FBS_40 1 123 196 167 102 146 117 196 192 161 -9 175 110 164 114
FBS_40 1 123 200 167 102 148 117 198 196 161 -9 175 130 166 126
FBS_41 1 129 196 167 102 146 117 196 196 125 128 175 102 164 110
FBS_41 1 129 196 169 102 148 117 198 198 153 146 175 122 166 124
FBS_42 1 123 196 163 102 146 117 184 194 141 128 175 116 164 108
FBS_42 1 129 200 169 102 148 117 198 196 153 128 211 136 164 124
FBS_43 1 123 200 167 102 146 117 198 190 125 146 173 112 168 110
FBS_43 1 123 200 167 102 148 117 198 200 159 146 175 126 168 128
FBS_44 1 123 196 167 102 146 117 196 194 135 128 177 102 156 108
FBS_44 1 129 202 167 102 146 119 198 196 163 128 177 124 166 110
FBS_45 1 123 196 163 102 146 117 198 192 125 128 175 108 164 124
FBS_45 1 129 202 167 102 146 117 198 194 125 146 175 118 170 132
FBS_46 1 123 200 167 102 146 117 198 190 125 146 173 112 166 110
FBS_46 1 123 200 167 102 148 117 198 200 161 146 175 126 168 128
FER_01 2 123 196 163 102 148 117 196 192 125 128 189 100 156 102
FER_01 2 133 196 167 102 148 119 198 196 139 128 211 106 164 110
FER_02 2 123 196 167 102 146 117 194 194 125 128 175 108 166 102
FER_02 2 129 200 167 102 148 117 198 198 161 146 175 124 166 142
FER_03 2 129 196 169 102 148 117 198 190 139 128 177 108 162 110
FER_03 2 129 202 169 102 148 117 198 190 161 128 207 108 164 124
FER_04 2 123 196 163 102 146 105 196 192 159 114 175 102 156 110
FER_04 2 123 200 167 102 148 117 198 200 163 128 189 108 164 132
FER_05 2 123 196 167 102 146 117 198 194 125 126 203 102 162 114
FER_05 2 125 196 169 102 146 117 198 194 143 126 213 124 170 124
FER_06 2 123 196 167 102 146 117 194 190 139 132 177 102 166 108
FER_06 2 123 196 167 102 148 117 198 196 147 146 189 120 166 124
FER_07 2 123 196 167 102 148 117 184 190 139 146 175 108 160 110
FER_07 2 129 196 169 102 148 119 194 194 143 148 175 110 164 132
FER_08 2 129 200 167 102 146 105 198 192 139 132 175 110 158 120
FER_08 2 129 200 167 102 148 119 198 194 163 138 177 126 168 126
FER_09 2 123 196 167 102 146 117 198 190 125 130 229 110 156 108
FER_09 2 125 196 167 102 146 119 198 202 125 146 243 126 166 124
FER_10 2 123 196 163 102 146 117 198 190 135 128 215 126 156 108
FER_10 2 123 200 163 102 148 119 198 196 151 132 227 138 168 126
FER_11 2 -9 200 167 102 146 117 196 190 141 140 177 108 164 108
FER_11 2 -9 200 169 102 148 117 198 190 151 140 183 120 166 126
FER_12 2 125 196 167 102 146 117 184 190 139 128 189 112 162 110
FER_12 2 129 196 167 106 148 117 198 198 139 146 189 124 166 110
FER_13 2 123 196 163 102 148 117 196 190 139 140 227 110 152 124
FER_13 2 129 196 167 102 150 119 198 190 163 146 227 116 152 124
FER_14 2 123 196 167 102 146 117 198 196 123 128 177 112 166 110
FER_14 2 129 200 167 102 146 117 198 196 139 128 177 126 170 142
FER_15 2 129 196 167 102 146 117 196 190 125 132 177 108 168 110
FER_15 2 129 196 167 108 148 117 198 192 165 132 189 120 168 130
FER_16 2 123 196 167 102 146 105 196 190 125 130 209 108 162 110
FER_16 2 127 202 167 102 148 117 198 200 159 146 209 124 168 110
FER_17 2 123 196 167 102 146 117 196 196 139 128 177 112 156 120
FER_17 2 125 200 167 102 148 117 198 198 159 138 177 126 168 124
FER_18 2 123 196 163 102 148 105 194 192 121 144 237 108 156 124
FER_18 2 129 196 165 102 148 117 198 196 125 144 237 114 166 136
FER_19 2 129 196 167 102 146 117 194 180 143 128 175 110 164 124
FER_19 2 129 196 167 102 146 117 198 198 159 128 177 124 174 142
FER_20 2 123 196 163 102 148 117 184 192 163 144 175 108 160 120
FER_20 2 129 200 163 102 148 117 196 196 163 144 175 110 166 122
FER_21 2 123 196 167 102 146 117 190 186 125 148 199 120 168 100
FER_21 2 123 196 167 102 146 117 198 190 125 158 233 126 168 132
FER_22 2 123 196 167 102 148 117 198 196 125 140 189 108 168 122
FER_22 2 123 200 167 106 148 133 198 198 135 146 189 108 168 132
FER_23 2 123 196 167 102 146 117 198 180 139 128 187 106 156 108
FER_23 2 125 196 169 108 148 119 200 194 157 130 187 116 170 124
FER_24 2 123 196 167 102 146 117 198 192 159 156 175 108 166 114
FER_24 2 129 196 167 102 148 119 198 194 159 158 183 116 174 124
FER_25 2 123 196 163 102 146 117 198 194 -9 -9 175 -9 164 102
FER_25 2 125 196 167 102 146 117 198 196 -9 -9 175 -9 168 126
FER_26 2 129 196 163 102 146 117 196 190 139 142 207 104 156 114
FER_26 2 129 200 167 108 148 129 198 190 143 148 211 116 158 124
FER_27 2 123 192 167 102 146 117 190 186 161 132 177 108 152 100
FER_27 2 123 196 167 102 146 121 198 194 161 144 197 110 168 124
FER_28 2 123 196 167 102 146 117 184 192 125 130 175 108 156 102
FER_28 2 129 200 169 102 148 117 198 200 163 146 177 126 168 122
FER_29 2 123 196 167 102 146 105 198 194 125 130 185 110 162 102
FER_29 2 125 202 167 102 148 117 198 200 125 146 207 126 166 108
FER_30 2 123 196 167 102 148 117 196 192 125 128 175 102 160 102
FER_30 2 125 196 167 102 148 117 198 196 157 148 203 102 174 132
FER_31 2 123 196 167 102 146 117 198 190 143 128 213 102 164 110
FER_31 2 129 196 169 102 146 129 198 192 151 128 213 124 166 132
FER_32 2 125 200 167 102 148 117 196 190 125 128 183 -9 162 110
FER_32 2 125 200 169 102 148 117 198 192 139 128 183 -9 164 120
FER_33 2 125 196 167 102 146 117 198 190 125 138 175 108 164 120
FER_33 2 133 196 167 102 146 119 198 196 159 148 189 126 168 132
FER_34 2 123 196 167 102 146 117 196 190 159 130 175 110 164 102
FER_34 2 123 196 167 102 148 117 198 194 193 130 213 124 168 114
FER_35 2 129 196 167 102 146 117 196 192 139 -9 173 108 160 102
FER_35 2 133 196 167 102 148 119 198 196 157 -9 175 122 164 126
FER_36 2 125 200 167 102 146 117 194 190 159 142 177 102 156 114
FER_36 2 129 200 167 102 146 117 198 196 165 142 189 108 166 126
FER_37 2 129 196 167 102 146 117 196 194 139 130 175 100 174 124
FER_37 2 129 200 167 102 148 117 198 196 143 146 189 126 174 134
FER_38 2 123 196 167 102 146 117 194 196 141 126 189 124 160 102
FER_38 2 129 196 167 108 148 119 198 196 159 128 199 126 174 110
FER_39 2 123 192 167 102 146 117 190 186 125 146 183 110 152 100
FER_39 2 125 196 167 108 148 121 196 196 125 158 215 112 156 132
FER_40 2 129 196 167 102 146 117 196 190 143 128 183 108 168 124
FER_40 2 129 196 169 102 148 117 198 198 161 146 187 124 168 124
FER_41 2 123 196 163 102 148 117 194 194 125 148 207 108 164 124
FER_41 2 129 200 167 102 148 117 196 196 161 154 211 116 166 132
FER_42 2 123 196 169 102 146 117 196 190 125 128 175 108 156 110
FER_42 2 123 200 169 102 148 117 198 196 165 130 229 108 166 118
FER_43 2 123 196 167 100 146 117 196 192 125 128 175 104 156 102
FER_43 2 125 196 167 102 148 119 198 194 165 146 175 104 164 120
FER_44 2 123 196 163 102 146 117 198 192 125 126 175 106 160 114
FER_44 2 123 200 167 106 148 117 200 194 141 146 177 108 174 124
FER_45 2 125 196 163 102 146 117 184 192 143 128 175 108 164 124
FER_45 2 125 200 167 102 148 117 198 196 159 146 185 112 166 124
FER_46 2 129 200 167 102 146 117 190 190 139 128 175 108 168 130
FER_46 2 129 202 169 106 146 119 198 196 141 146 203 124 168 142
FER_47 2 123 196 167 102 146 117 194 192 139 126 175 108 160 110
FER_47 2 125 200 167 102 148 117 198 192 161 144 175 112 166 110
FER_48 2 123 196 167 102 146 117 198 190 143 126 175 108 160 110
FER_48 2 125 200 169 102 146 117 198 192 171 140 175 122 174 118
FER_49 2 129 196 167 102 148 117 196 196 125 128 205 108 158 110
FER_49 2 129 196 167 102 148 119 196 196 125 128 237 126 166 124
FER_50 2 125 196 163 102 146 117 198 192 125 128 189 104 162 122
FER_50 2 129 196 163 102 148 117 198 198 139 146 227 122 168 124
FER_51 2 123 196 167 102 146 105 196 194 125 128 183 110 156 124
FER_51 2 125 196 167 102 148 117 198 202 139 160 197 122 158 142
FER_52 2 123 196 163 102 146 117 184 190 143 128 175 108 166 124
FER_52 2 123 196 167 102 148 117 198 196 151 128 207 108 166 132
FER_53 2 123 196 163 102 146 117 198 190 157 128 175 108 164 114
FER_53 2 123 196 167 102 146 117 198 192 167 128 175 112 166 118
FER_54 2 123 196 167 102 146 117 198 190 -9 132 175 -9 164 116
FER_54 2 125 196 167 102 146 117 198 198 -9 146 175 -9 166 116
FER_55 2 129 200 167 102 146 117 194 190 139 128 185 106 164 102
FER_55 2 129 200 167 102 148 117 198 192 163 130 245 108 166 110
FER_56 2 129 200 165 102 146 117 194 192 139 126 175 106 168 110
FER_56 2 129 200 167 102 148 117 196 194 157 132 213 108 174 116
FER_57 2 123 196 167 102 146 117 198 190 125 146 189 108 166 110
FER_57 2 131 200 167 102 146 117 198 196 165 146 241 120 166 124
FER_58 2 123 196 165 102 146 117 196 190 151 140 177 100 162 116
FER_58 2 129 196 167 102 148 129 198 190 167 146 187 108 174 126
FER_59 2 123 196 167 102 146 117 184 190 141 128 175 108 160 102
FER_59 2 129 196 167 106 148 117 198 196 141 130 259 108 174 102
FER_60 2 125 196 165 102 146 117 184 196 121 146 209 108 156 130
FER_60 2 129 200 167 102 148 129 194 196 125 146 243 114 166 132
FER_61 2 125 196 163 102 148 117 196 198 121 128 175 104 164 110
FER_61 2 129 200 167 102 148 117 198 198 121 130 211 112 170 124
FER_62 2 123 196 167 102 146 117 198 196 135 128 175 108 156 102
FER_62 2 123 196 167 108 148 117 198 196 165 128 203 110 164 124
FER_63 2 123 196 167 102 146 117 198 190 125 140 175 102 160 116
FER_63 2 129 196 167 102 148 117 198 192 125 146 213 116 174 124
FER_64 2 123 196 167 102 146 117 194 190 123 128 175 120 160 118
FER_64 2 123 202 167 106 148 119 198 192 163 146 211 124 164 124
FER_65 2 123 196 167 102 148 117 196 196 135 128 177 120 164 102
FER_65 2 129 200 167 108 148 117 198 200 165 130 209 126 166 110
FER_66 2 125 200 167 102 146 117 198 190 165 126 175 110 168 108
FER_66 2 125 200 167 102 148 117 198 190 167 128 189 126 168 124
FER_68 2 123 196 167 102 146 117 196 190 125 128 225 112 168 102
FER_68 2 125 196 167 102 150 117 198 192 143 130 225 116 168 110
FER_69 2 123 196 167 102 148 105 196 194 139 146 199 104 168 124
FER_69 2 123 200 167 106 148 117 196 198 163 146 227 110 168 126
FER_70 2 125 196 167 102 146 117 198 196 145 130 175 108 164 114
FER_70 2 125 196 167 102 146 117 198 198 161 130 211 116 174 124
FER_71 2 123 196 167 102 146 105 198 190 123 128 175 104 158 124
FER_71 2 123 200 167 108 148 117 198 192 159 146 215 112 164 124
REF_01 3 125 196 163 102 148 117 184 194 147 142 175 110 158 110
REF_01 3 129 200 163 102 148 119 184 196 157 148 233 128 158 124
REF_02 3 123 196 163 102 148 117 184 196 175 140 219 122 164 110
REF_02 3 125 196 169 102 148 129 184 198 181 148 253 122 174 142
REF_03 3 123 196 163 102 148 105 198 194 175 142 175 122 156 110
REF_03 3 129 200 163 102 148 117 198 196 179 142 189 126 160 120
REF_04 3 123 200 163 102 148 117 194 190 123 124 227 104 158 116
REF_04 3 123 200 169 102 148 117 198 198 125 148 227 116 166 124
REF_05 3 123 196 163 102 148 117 184 192 155 140 223 110 164 118
REF_05 3 125 202 163 108 148 129 198 194 157 140 233 118 168 126
REF_06 3 125 200 163 102 146 117 198 198 121 146 205 114 158 126
REF_06 3 129 202 169 102 148 117 198 200 181 146 213 120 164 130
REF_07 3 125 196 163 102 146 105 194 194 125 132 175 120 158 110
REF_07 3 125 200 163 102 146 117 198 196 139 142 227 126 160 114
REF_08 3 123 196 167 102 148 105 194 194 -9 -9 -9 -9 164 118
REF_08 3 129 196 167 102 148 117 194 196 -9 -9 -9 -9 168 136
REF_09 3 123 196 167 102 146 105 184 192 125 146 197 122 158 130
REF_09 3 125 200 167 102 146 129 198 196 141 150 225 126 168 146
REF_10 3 123 196 163 102 148 117 184 194 123 124 219 108 158 110
REF_10 3 129 196 163 106 148 117 194 196 155 146 243 124 164 124
REF_11 3 129 196 163 102 148 117 194 194 125 138 193 112 166 120
REF_11 3 129 196 167 102 148 129 198 198 185 140 205 122 174 130
REF_12 3 123 196 163 102 148 117 194 190 121 124 197 104 164 120
REF_12 3 129 196 163 104 148 119 194 190 123 140 241 112 166 128
REF_13 3 125 196 167 102 146 117 184 194 139 148 175 108 164 126
REF_13 3 125 196 167 106 146 117 194 194 179 148 189 120 164 144
REF_14 3 123 196 167 102 146 105 190 194 147 124 235 102 164 126
REF_14 3 125 200 169 102 146 117 198 200 155 126 265 120 168 126
REF_15 3 125 196 167 102 148 105 184 192 165 126 211 122 164 114
REF_15 3 125 202 169 102 148 117 196 192 165 146 215 122 166 116
REF_16 3 125 196 163 102 146 119 184 196 139 146 197 112 168 114
REF_16 3 129 200 167 102 146 129 198 200 143 148 265 116 174 120
REF_17 3 125 196 163 102 148 117 184 190 139 146 189 118 164 110
REF_17 3 129 200 167 102 148 117 196 196 139 148 211 120 174 114
REF_18 3 125 196 163 102 148 121 184 194 137 126 215 122 160 118
REF_18 3 125 200 167 106 148 129 198 194 147 148 215 124 166 126
REF_19 3 123 200 163 102 148 117 198 190 123 146 183 120 164 120
REF_19 3 123 202 169 106 148 117 198 194 168 146 183 120 168 124
REF_20 3 123 200 163 102 146 117 190 192 143 146 189 102 164 120
REF_20 3 125 202 167 108 146 121 198 196 165 146 189 120 174 124
