  1:   0.7530  0.2470  1
  2:   0.6880  0.3120  1
  3:   0.2540  0.7460  1
  4:   0.6770  0.3230  1
  5:   0.8390  0.1610  1
  6:   0.6000  0.4000  1
  7:   0.2840  0.7160  1
  8:   0.8770  0.1230  1
  9:   0.6090  0.3910  1
 10:   0.8730  0.1270  1
 11:   0.7990  0.2010  1
 12:   0.5950  0.4050  1
 13:   0.2240  0.7760  1
 14:   0.9330  0.0670  1
 15:   0.5810  0.4190  1
 16:   0.9080  0.0920  1
 17:   0.2390  0.7610  1
 18:   0.8630  0.1370  1
 19:   0.7710  0.2290  1
 20:   0.7670  0.2330  1
 21:   0.7710  0.2290  1
 22:   0.1670  0.8330  1
 23:   0.1410  0.8590  1
 24:   0.7640  0.2360  1
 25:   0.6930  0.3070  1
 26:   0.1610  0.8390  1
 27:   0.7180  0.2820  1
 28:   0.7120  0.2880  1
 29:   0.7940  0.2060  1
 30:   0.4570  0.5430  1
 31:   0.8730  0.1270  1
 32:   0.8800  0.1200  1
 33:   0.4870  0.5130  1
 34:   0.6110  0.3890  1
 35:   0.4390  0.5610  1
 36:   0.6660  0.3340  1
 37:   0.4140  0.5860  1
 38:   0.2320  0.7680  1
 39:   0.7850  0.2150  1
 40:   0.6810  0.3190  1
 41:   0.7970  0.2030  1
 42:   0.5980  0.4020  1
 43:   0.8170  0.1830  1
 44:   0.9010  0.0990  1
 45:   0.8070  0.1930  1
 46:   0.8020  0.1980  1
 47:   0.6730  0.3270  1
 48:   0.9050  0.0950  1
 49:   0.8940  0.1060  1
 50:   0.7170  0.2830  1
 51:   0.8220  0.1780  1
 52:   0.6760  0.3240  1
 53:   0.6110  0.3890  1
 54:   0.3160  0.6840  1
 55:   0.4630  0.5370  1
 56:   0.2600  0.7400  1
 57:   0.4870  0.5130  1
 58:   0.8190  0.1810  1
 59:   0.1210  0.8790  1
 60:   0.9210  0.0790  1
 61:   0.5680  0.4320  1
 62:   0.6850  0.3150  1
 63:   0.7570  0.2430  1
 64:   0.0890  0.9110  1
 65:   0.8810  0.1190  1
 66:   0.3770  0.6230  1
 67:   0.1540  0.8460  1
 68:   0.3970  0.6030  1
 69:   0.5130  0.4870  1
 70:   0.7020  0.2980  1
 71:   0.8030  0.1970  1
 72:   0.1620  0.8380  1
 73:   0.1610  0.8390  1
 74:   0.7930  0.2070  1
 75:   0.6900  0.3100  1
 76:   0.7910  0.2090  1
 77:   0.8430  0.1570  1
 78:   0.7720  0.2280  1
 79:   0.6180  0.3820  1
 80:   0.8330  0.1670  1
 81:   0.6150  0.3850  1
 82:   0.6440  0.3560  1
 83:   0.5620  0.4380  1
 84:   0.8260  0.1740  1
 85:   0.0860  0.9140  1
 86:   0.8170  0.1830  1
 87:   0.2110  0.7890  1
 88:   0.8570  0.1430  1
 89:   0.6930  0.3070  1
 90:   0.6230  0.3770  1
 91:   0.7930  0.2070  1
 92:   0.7010  0.2990  1
 93:   0.8560  0.1440  1
 94:   0.6710  0.3290  1
 95:   0.5200  0.4800  1
 96:   0.3310  0.6690  1
 97:   0.1860  0.8140  1
 98:   0.8120  0.1880  1
 99:   0.8620  0.1380  1
100:   0.7080  0.2920  1
101:   0.7610  0.2390  1
102:   0.4490  0.5510  1
103:   0.5700  0.4300  1
104:   0.2610  0.7390  1
105:   0.8030  0.1970  1
106:   0.1060  0.8940  1
107:   0.5600  0.4400  1
108:   0.9090  0.0910  1
109:   0.7160  0.2840  1
110:   0.7140  0.2860  1
111:   0.8230  0.1770  1
112:   0.7990  0.2010  1
113:   0.6810  0.3190  1
114:   0.1440  0.8560  1
115:   0.8150  0.1850  1
116:   0.6830  0.3170  1
117:   0.0850  0.9150  1
118:   0.0680  0.9320  1
119:   0.1550  0.8450  1
120:   0.1130  0.8870  1
121:   0.0560  0.9440  1
122:   0.1120  0.8880  1
123:   0.2170  0.7830  1
124:   0.1880  0.8120  1
125:   0.0960  0.9040  1
126:   0.1150  0.8850  1
127:   0.0740  0.9260  1
128:   0.0720  0.9280  1
129:   0.1540  0.8460  1
130:   0.1080  0.8920  1
131:   0.1090  0.8910  1
132:   0.1340  0.8660  1
133:   0.2690  0.7310  1
134:   0.0640  0.9360  1
135:   0.2110  0.7890  1
136:   0.2650  0.7350  1

  1:   0.7280  0.2720  1
  2:   0.6850  0.3150  1
  3:   0.2540  0.7460  1
  4:   0.6590  0.3410  1
  5:   0.8250  0.1750  1
  6:   0.5840  0.4160  1
  7:   0.2910  0.7090  1
  8:   0.8690  0.1310  1
  9:   0.5980  0.4020  1
 10:   0.8660  0.1340  1
 11:   0.7880  0.2120  1
 12:   0.5810  0.4190  1
 13:   0.2380  0.7620  1
 14:   0.9280  0.0720  1
 15:   0.5700  0.4300  1
 16:   0.9020  0.0980  1
 17:   0.2400  0.7600  1
 18:   0.8520  0.1480  1
 19:   0.7540  0.2460  1
 20:   0.7560  0.2440  1
 21:   0.7650  0.2350  1
 22:   0.1710  0.8290  1
 23:   0.1490  0.8510  1
 24:   0.7540  0.2460  1
 25:   0.6780  0.3220  1
 26:   0.1700  0.8300  1
 27:   0.7100  0.2900  1
 28:   0.7020  0.2980  1
 29:   0.7860  0.2140  1
 30:   0.4600  0.5400  1
 31:   0.8660  0.1340  1
 32:   0.8740  0.1260  1
 33:   0.4950  0.5050  1
 34:   0.5990  0.4010  1
 35:   0.4310  0.5690  1
 36:   0.6460  0.3540  1
 37:   0.4200  0.5800  1
 38:   0.2500  0.7500  1
 39:   0.7690  0.2310  1
 40:   0.6780  0.3220  1
 41:   0.7800  0.2200  1
 42:   0.5820  0.4180  1
 43:   0.8040  0.1960  1
 44:   0.8910  0.1090  1
 45:   0.7930  0.2070  1
 46:   0.7890  0.2110  1
 47:   0.6610  0.3390  1
 48:   0.8970  0.1030  1
 49:   0.8840  0.1160  1
 50:   0.7090  0.2910  1
 51:   0.8030  0.1970  1
 52:   0.6760  0.3240  1
 53:   0.6000  0.4000  1
 54:   0.3180  0.6820  1
 55:   0.4600  0.5400  1
 56:   0.2670  0.7330  1
 57:   0.4880  0.5120  1
 58:   0.8110  0.1890  1
 59:   0.1300  0.8700  1
 60:   0.9130  0.0870  1
 61:   0.5670  0.4330  1
 62:   0.6770  0.3230  1
 63:   0.7490  0.2510  1
 64:   0.0980  0.9020  1
 65:   0.8700  0.1300  1
 66:   0.3800  0.6200  1
 67:   0.1680  0.8320  1
 68:   0.4140  0.5860  1
 69:   0.4830  0.5170  1
 70:   0.6970  0.3030  1
 71:   0.7930  0.2070  1
 72:   0.1710  0.8290  1
 73:   0.1710  0.8290  1
 74:   0.7790  0.2210  1
 75:   0.6760  0.3240  1
 76:   0.7750  0.2250  1
 77:   0.8300  0.1700  1
 78:   0.7590  0.2410  1
 79:   0.6160  0.3840  1
 80:   0.8230  0.1770  1
 81:   0.6040  0.3960  1
 82:   0.6440  0.3560  1
 83:   0.5590  0.4410  1
 84:   0.8150  0.1850  1
 85:   0.0930  0.9070  1
 86:   0.8090  0.1910  1
 87:   0.2290  0.7710  1
 88:   0.8410  0.1590  1
 89:   0.6720  0.3280  1
 90:   0.6030  0.3970  1
 91:   0.7820  0.2180  1
 92:   0.6790  0.3210  1
 93:   0.8450  0.1550  1
 94:   0.6550  0.3450  1
 95:   0.5230  0.4770  1
 96:   0.3400  0.6600  1
 97:   0.1950  0.8050  1
 98:   0.8060  0.1940  1
 99:   0.8560  0.1440  1
100:   0.7040  0.2960  1
101:   0.7460  0.2540  1
102:   0.4410  0.5590  1
103:   0.5840  0.4160  1
104:   0.2720  0.7280  1
105:   0.7910  0.2090  1
106:   0.1150  0.8850  1
107:   0.5490  0.4510  1
108:   0.9010  0.0990  1
109:   0.7030  0.2970  1
110:   0.7030  0.2970  1
111:   0.8140  0.1860  1
112:   0.7910  0.2090  1
113:   0.6700  0.3300  1
114:   0.1520  0.8480  1
115:   0.8060  0.1940  1
116:   0.6740  0.3260  1
117:   0.0910  0.9090  1
118:   0.0720  0.9280  1
119:   0.1600  0.8400  1
120:   0.1200  0.8800  1
121:   0.0600  0.9400  1
122:   0.1150  0.8850  1
123:   0.2220  0.7780  1
124:   0.1970  0.8030  1
125:   0.1030  0.8970  1
126:   0.1230  0.8770  1
127:   0.0790  0.9210  1
128:   0.0790  0.9210  1
129:   0.1620  0.8380  1
130:   0.1130  0.8870  1
131:   0.1130  0.8870  1
132:   0.1420  0.8580  1
133:   0.2840  0.7160  1
134:   0.0680  0.9320  1
135:   0.2250  0.7750  1
136:   0.2760  0.7240  1

  1:   0.7530  0.2470  1
  2:   0.6880  0.3120  1
  3:   0.2540  0.7460  1
  4:   0.6770  0.3230  1
  5:   0.8390  0.1610  1
  6:   0.6000  0.4000  1
  7:   0.2840  0.7160  1
  8:   0.8770  0.1230  1
  9:   0.6090  0.3910  1
 10:   0.8730  0.1270  1
 11:   0.7990  0.2010  1
 12:   0.5950  0.4050  1
 13:   0.2240  0.7760  1
 14:   0.9330  0.0670  1
 15:   0.5810  0.4190  1
 16:   0.9080  0.0920  1
 17:   0.2390  0.7610  1
 18:   0.8630  0.1370  1
 19:   0.7710  0.2290  1
 20:   0.7670  0.2330  1
 21:   0.7710  0.2290  1
 22:   0.1670  0.8330  1
 23:   0.1410  0.8590  1
 24:   0.7640  0.2360  1
 25:   0.6930  0.3070  1
 26:   0.1610  0.8390  1
 27:   0.7180  0.2820  1
 28:   0.7120  0.2880  1
 29:   0.7940  0.2060  1
 30:   0.4570  0.5430  1
 31:   0.8730  0.1270  1
 32:   0.8800  0.1200  1
 33:   0.4870  0.5130  1
 34:   0.6110  0.3890  1
 35:   0.4390  0.5610  1
 36:   0.6660  0.3340  1
 37:   0.4140  0.5860  1
 38:   0.2320  0.7680  1
 39:   0.7850  0.2150  1
 40:   0.6810  0.3190  1
 41:   0.7970  0.2030  1
 42:   0.5980  0.4020  1
 43:   0.8170  0.1830  1
 44:   0.9010  0.0990  1
 45:   0.8070  0.1930  1
 46:   0.8020  0.1980  1
 47:   0.6730  0.3270  1
 48:   0.9050  0.0950  1
 49:   0.8940  0.1060  1
 50:   0.7170  0.2830  1
 51:   0.8220  0.1780  1
 52:   0.6760  0.3240  1
 53:   0.6110  0.3890  1
 54:   0.3160  0.6840  1
 55:   0.4630  0.5370  1
 56:   0.2600  0.7400  1
 57:   0.4870  0.5130  1
 58:   0.8190  0.1810  1
 59:   0.1210  0.8790  1
 60:   0.9210  0.0790  1
 61:   0.5680  0.4320  1
 62:   0.6850  0.3150  1
 63:   0.7570  0.2430  1
 64:   0.0890  0.9110  1
 65:   0.8810  0.1190  1
 66:   0.3770  0.6230  1
 67:   0.1540  0.8460  1
 68:   0.3970  0.6030  1
 69:   0.5130  0.4870  1
 70:   0.7020  0.2980  1
 71:   0.8030  0.1970  1
 72:   0.1620  0.8380  1
 73:   0.1610  0.8390  1
 74:   0.7930  0.2070  1
 75:   0.6900  0.3100  1
 76:   0.7910  0.2090  1
 77:   0.8430  0.1570  1
 78:   0.7720  0.2280  1
 79:   0.6180  0.3820  1
 80:   0.8330  0.1670  1
 81:   0.6150  0.3850  1
 82:   0.6440  0.3560  1
 83:   0.5620  0.4380  1
 84:   0.8260  0.1740  1
 85:   0.0860  0.9140  1
 86:   0.8170  0.1830  1
 87:   0.2110  0.7890  1
 88:   0.8570  0.1430  1
 89:   0.6930  0.3070  1
 90:   0.6230  0.3770  1
 91:   0.7930  0.2070  1
 92:   0.7010  0.2990  1
 93:   0.8560  0.1440  1
 94:   0.6710  0.3290  1
 95:   0.5200  0.4800  1
 96:   0.3310  0.6690  1
 97:   0.1860  0.8140  1
 98:   0.8120  0.1880  1
 99:   0.8620  0.1380  1
100:   0.7080  0.2920  1
101:   0.7610  0.2390  1
102:   0.4490  0.5510  1
103:   0.5700  0.4300  1
104:   0.2610  0.7390  1
105:   0.8030  0.1970  1
106:   0.1060  0.8940  1
107:   0.5600  0.4400  1
108:   0.9090  0.0910  1
109:   0.7160  0.2840  1
110:   0.7140  0.2860  1
111:   0.8230  0.1770  1
112:   0.7990  0.2010  1
113:   0.6810  0.3190  1
114:   0.1440  0.8560  1
115:   0.8150  0.1850  1
116:   0.6830  0.3170  1
117:   0.0850  0.9150  1
118:   0.0680  0.9320  1
119:   0.1550  0.8450  1
120:   0.1130  0.8870  1
121:   0.0560  0.9440  1
122:   0.1120  0.8880  1
123:   0.2170  0.7830  1
124:   0.1880  0.8120  1
125:   0.0960  0.9040  1
126:   0.1150  0.8850  1
127:   0.0740  0.9260  1
128:   0.0720  0.9280  1
129:   0.1540  0.8460  1
130:   0.1080  0.8920  1
131:   0.1090  0.8910  1
132:   0.1340  0.8660  1
133:   0.2690  0.7310  1
134:   0.0640  0.9360  1
135:   0.2110  0.7890  1
136:   0.2650  0.7350  1

  1:   0.7530  0.2470  1
  2:   0.6880  0.3120  1
  3:   0.2540  0.7460  1
  4:   0.6770  0.3230  1
  5:   0.8390  0.1610  1
  6:   0.6000  0.4000  1
  7:   0.2840  0.7160  1
  8:   0.8770  0.1230  1
  9:   0.6090  0.3910  1
 10:   0.8730  0.1270  1
 11:   0.7990  0.2010  1
 12:   0.5950  0.4050  1
 13:   0.2240  0.7760  1
 14:   0.9330  0.0670  1
 15:   0.5810  0.4190  1
 16:   0.9080  0.0920  1
 17:   0.2390  0.7610  1
 18:   0.8630  0.1370  1
 19:   0.7710  0.2290  1
 20:   0.7670  0.2330  1
 21:   0.7710  0.2290  1
 22:   0.1670  0.8330  1
 23:   0.1410  0.8590  1
 24:   0.7640  0.2360  1
 25:   0.6930  0.3070  1
 26:   0.1610  0.8390  1
 27:   0.7180  0.2820  1
 28:   0.7120  0.2880  1
 29:   0.7940  0.2060  1
 30:   0.4570  0.5430  1
 31:   0.8730  0.1270  1
 32:   0.8800  0.1200  1
 33:   0.4870  0.5130  1
 34:   0.6110  0.3890  1
 35:   0.4390  0.5610  1
 36:   0.6660  0.3340  1
 37:   0.4140  0.5860  1
 38:   0.2320  0.7680  1
 39:   0.7850  0.2150  1
 40:   0.6810  0.3190  1
 41:   0.7970  0.2030  1
 42:   0.5980  0.4020  1
 43:   0.8170  0.1830  1
 44:   0.9010  0.0990  1
 45:   0.8070  0.1930  1
 46:   0.8020  0.1980  1
 47:   0.6730  0.3270  1
 48:   0.9050  0.0950  1
 49:   0.8940  0.1060  1
 50:   0.7170  0.2830  1
 51:   0.8220  0.1780  1
 52:   0.6760  0.3240  1
 53:   0.6110  0.3890  1
 54:   0.3160  0.6840  1
 55:   0.4630  0.5370  1
 56:   0.2600  0.7400  1
 57:   0.4870  0.5130  1
 58:   0.8190  0.1810  1
 59:   0.1210  0.8790  1
 60:   0.9210  0.0790  1
 61:   0.5680  0.4320  1
 62:   0.6850  0.3150  1
 63:   0.7570  0.2430  1
 64:   0.0890  0.9110  1
 65:   0.8810  0.1190  1
 66:   0.3770  0.6230  1
 67:   0.1540  0.8460  1
 68:   0.3970  0.6030  1
 69:   0.5130  0.4870  1
 70:   0.7020  0.2980  1
 71:   0.8030  0.1970  1
 72:   0.1620  0.8380  1
 73:   0.1610  0.8390  1
 74:   0.7930  0.2070  1
 75:   0.6900  0.3100  1
 76:   0.7910  0.2090  1
 77:   0.8430  0.1570  1
 78:   0.7720  0.2280  1
 79:   0.6180  0.3820  1
 80:   0.8330  0.1670  1
 81:   0.6150  0.3850  1
 82:   0.6440  0.3560  1
 83:   0.5620  0.4380  1
 84:   0.8260  0.1740  1
 85:   0.0860  0.9140  1
 86:   0.8170  0.1830  1
 87:   0.2110  0.7890  1
 88:   0.8570  0.1430  1
 89:   0.6930  0.3070  1
 90:   0.6230  0.3770  1
 91:   0.7930  0.2070  1
 92:   0.7010  0.2990  1
 93:   0.8560  0.1440  1
 94:   0.6710  0.3290  1
 95:   0.5200  0.4800  1
 96:   0.3310  0.6690  1
 97:   0.1860  0.8140  1
 98:   0.8120  0.1880  1
 99:   0.8620  0.1380  1
100:   0.7080  0.2920  1
101:   0.7610  0.2390  1
102:   0.4490  0.5510  1
103:   0.5700  0.4300  1
104:   0.2610  0.7390  1
105:   0.8030  0.1970  1
106:   0.1060  0.8940  1
107:   0.5600  0.4400  1
108:   0.9090  0.0910  1
109:   0.7160  0.2840  1
110:   0.7140  0.2860  1
111:   0.8230  0.1770  1
112:   0.7990  0.2010  1
113:   0.6810  0.3190  1
114:   0.1440  0.8560  1
115:   0.8150  0.1850  1
116:   0.6830  0.3170  1
117:   0.0850  0.9150  1
118:   0.0680  0.9320  1
119:   0.1550  0.8450  1
120:   0.1130  0.8870  1
121:   0.0560  0.9440  1
122:   0.1120  0.8880  1
123:   0.2170  0.7830  1
124:   0.1880  0.8120  1
125:   0.0960  0.9040  1
126:   0.1150  0.8850  1
127:   0.0740  0.9260  1
128:   0.0720  0.9280  1
129:   0.1540  0.8460  1
130:   0.1080  0.8920  1
131:   0.1090  0.8910  1
132:   0.1340  0.8660  1
133:   0.2690  0.7310  1
134:   0.0640  0.9360  1
135:   0.2110  0.7890  1
136:   0.2650  0.7350  1

  1:   0.7530  0.2470  1
  2:   0.6880  0.3120  1
  3:   0.2540  0.7460  1
  4:   0.6770  0.3230  1
  5:   0.8390  0.1610  1
  6:   0.6000  0.4000  1
  7:   0.2840  0.7160  1
  8:   0.8770  0.1230  1
  9:   0.6090  0.3910  1
 10:   0.8730  0.1270  1
 11:   0.7990  0.2010  1
 12:   0.5950  0.4050  1
 13:   0.2240  0.7760  1
 14:   0.9330  0.0670  1
 15:   0.5810  0.4190  1
 16:   0.9080  0.0920  1
 17:   0.2390  0.7610  1
 18:   0.8630  0.1370  1
 19:   0.7710  0.2290  1
 20:   0.7670  0.2330  1
 21:   0.7710  0.2290  1
 22:   0.1670  0.8330  1
 23:   0.1410  0.8590  1
 24:   0.7640  0.2360  1
 25:   0.6930  0.3070  1
 26:   0.1610  0.8390  1
 27:   0.7180  0.2820  1
 28:   0.7120  0.2880  1
 29:   0.7940  0.2060  1
 30:   0.4570  0.5430  1
 31:   0.8730  0.1270  1
 32:   0.8800  0.1200  1
 33:   0.4870  0.5130  1
 34:   0.6110  0.3890  1
 35:   0.4390  0.5610  1
 36:   0.6660  0.3340  1
 37:   0.4140  0.5860  1
 38:   0.2320  0.7680  1
 39:   0.7850  0.2150  1
 40:   0.6810  0.3190  1
 41:   0.7970  0.2030  1
 42:   0.5980  0.4020  1
 43:   0.8170  0.1830  1
 44:   0.9010  0.0990  1
 45:   0.8070  0.1930  1
 46:   0.8020  0.1980  1
 47:   0.6730  0.3270  1
 48:   0.9050  0.0950  1
 49:   0.8940  0.1060  1
 50:   0.7170  0.2830  1
 51:   0.8220  0.1780  1
 52:   0.6760  0.3240  1
 53:   0.6110  0.3890  1
 54:   0.3160  0.6840  1
 55:   0.4630  0.5370  1
 56:   0.2600  0.7400  1
 57:   0.4870  0.5130  1
 58:   0.8190  0.1810  1
 59:   0.1210  0.8790  1
 60:   0.9210  0.0790  1
 61:   0.5680  0.4320  1
 62:   0.6850  0.3150  1
 63:   0.7570  0.2430  1
 64:   0.0890  0.9110  1
 65:   0.8810  0.1190  1
 66:   0.3770  0.6230  1
 67:   0.1540  0.8460  1
 68:   0.3970  0.6030  1
 69:   0.5130  0.4870  1
 70:   0.7020  0.2980  1
 71:   0.8030  0.1970  1
 72:   0.1620  0.8380  1
 73:   0.1610  0.8390  1
 74:   0.7930  0.2070  1
 75:   0.6900  0.3100  1
 76:   0.7910  0.2090  1
 77:   0.8430  0.1570  1
 78:   0.7720  0.2280  1
 79:   0.6180  0.3820  1
 80:   0.8330  0.1670  1
 81:   0.6150  0.3850  1
 82:   0.6440  0.3560  1
 83:   0.5620  0.4380  1
 84:   0.8260  0.1740  1
 85:   0.0860  0.9140  1
 86:   0.8170  0.1830  1
 87:   0.2110  0.7890  1
 88:   0.8570  0.1430  1
 89:   0.6930  0.3070  1
 90:   0.6230  0.3770  1
 91:   0.7930  0.2070  1
 92:   0.7010  0.2990  1
 93:   0.8560  0.1440  1
 94:   0.6710  0.3290  1
 95:   0.5200  0.4800  1
 96:   0.3310  0.6690  1
 97:   0.1860  0.8140  1
 98:   0.8120  0.1880  1
 99:   0.8620  0.1380  1
100:   0.7080  0.2920  1
101:   0.7610  0.2390  1
102:   0.4490  0.5510  1
103:   0.5700  0.4300  1
104:   0.2610  0.7390  1
105:   0.8030  0.1970  1
106:   0.1060  0.8940  1
107:   0.5600  0.4400  1
108:   0.9090  0.0910  1
109:   0.7160  0.2840  1
110:   0.7140  0.2860  1
111:   0.8230  0.1770  1
112:   0.7990  0.2010  1
113:   0.6810  0.3190  1
114:   0.1440  0.8560  1
115:   0.8150  0.1850  1
116:   0.6830  0.3170  1
117:   0.0850  0.9150  1
118:   0.0680  0.9320  1
119:   0.1550  0.8450  1
120:   0.1130  0.8870  1
121:   0.0560  0.9440  1
122:   0.1120  0.8880  1
123:   0.2170  0.7830  1
124:   0.1880  0.8120  1
125:   0.0960  0.9040  1
126:   0.1150  0.8850  1
127:   0.0740  0.9260  1
128:   0.0720  0.9280  1
129:   0.1540  0.8460  1
130:   0.1080  0.8920  1
131:   0.1090  0.8910  1
132:   0.1340  0.8660  1
133:   0.2690  0.7310  1
134:   0.0640  0.9360  1
135:   0.2110  0.7890  1
136:   0.2650  0.7350  1

  1:   0.7530  0.2470  1
  2:   0.6880  0.3120  1
  3:   0.2540  0.7460  1
  4:   0.6770  0.3230  1
  5:   0.8390  0.1610  1
  6:   0.6000  0.4000  1
  7:   0.2840  0.7160  1
  8:   0.8770  0.1230  1
  9:   0.6090  0.3910  1
 10:   0.8730  0.1270  1
 11:   0.7990  0.2010  1
 12:   0.5950  0.4050  1
 13:   0.2240  0.7760  1
 14:   0.9330  0.0670  1
 15:   0.5810  0.4190  1
 16:   0.9080  0.0920  1
 17:   0.2390  0.7610  1
 18:   0.8630  0.1370  1
 19:   0.7710  0.2290  1
 20:   0.7670  0.2330  1
 21:   0.7710  0.2290  1
 22:   0.1670  0.8330  1
 23:   0.1410  0.8590  1
 24:   0.7640  0.2360  1
 25:   0.6930  0.3070  1
 26:   0.1610  0.8390  1
 27:   0.7180  0.2820  1
 28:   0.7120  0.2880  1
 29:   0.7940  0.2060  1
 30:   0.4570  0.5430  1
 31:   0.8730  0.1270  1
 32:   0.8800  0.1200  1
 33:   0.4870  0.5130  1
 34:   0.6110  0.3890  1
 35:   0.4390  0.5610  1
 36:   0.6660  0.3340  1
 37:   0.4140  0.5860  1
 38:   0.2320  0.7680  1
 39:   0.7850  0.2150  1
 40:   0.6810  0.3190  1
 41:   0.7970  0.2030  1
 42:   0.5980  0.4020  1
 43:   0.8170  0.1830  1
 44:   0.9010  0.0990  1
 45:   0.8070  0.1930  1
 46:   0.8020  0.1980  1
 47:   0.6730  0.3270  1
 48:   0.9050  0.0950  1
 49:   0.8940  0.1060  1
 50:   0.7170  0.2830  1
 51:   0.8220  0.1780  1
 52:   0.6760  0.3240  1
 53:   0.6110  0.3890  1
 54:   0.3160  0.6840  1
 55:   0.4630  0.5370  1
 56:   0.2600  0.7400  1
 57:   0.4870  0.5130  1
 58:   0.8190  0.1810  1
 59:   0.1210  0.8790  1
 60:   0.9210  0.0790  1
 61:   0.5680  0.4320  1
 62:   0.6850  0.3150  1
 63:   0.7570  0.2430  1
 64:   0.0890  0.9110  1
 65:   0.8810  0.1190  1
 66:   0.3770  0.6230  1
 67:   0.1540  0.8460  1
 68:   0.3970  0.6030  1
 69:   0.5130  0.4870  1
 70:   0.7020  0.2980  1
 71:   0.8030  0.1970  1
 72:   0.1620  0.8380  1
 73:   0.1610  0.8390  1
 74:   0.7930  0.2070  1
 75:   0.6900  0.3100  1
 76:   0.7910  0.2090  1
 77:   0.8430  0.1570  1
 78:   0.7720  0.2280  1
 79:   0.6180  0.3820  1
 80:   0.8330  0.1670  1
 81:   0.6150  0.3850  1
 82:   0.6440  0.3560  1
 83:   0.5620  0.4380  1
 84:   0.8260  0.1740  1
 85:   0.0860  0.9140  1
 86:   0.8170  0.1830  1
 87:   0.2110  0.7890  1
 88:   0.8570  0.1430  1
 89:   0.6930  0.3070  1
 90:   0.6230  0.3770  1
 91:   0.7930  0.2070  1
 92:   0.7010  0.2990  1
 93:   0.8560  0.1440  1
 94:   0.6710  0.3290  1
 95:   0.5200  0.4800  1
 96:   0.3310  0.6690  1
 97:   0.1860  0.8140  1
 98:   0.8120  0.1880  1
 99:   0.8620  0.1380  1
100:   0.7080  0.2920  1
101:   0.7610  0.2390  1
102:   0.4490  0.5510  1
103:   0.5700  0.4300  1
104:   0.2610  0.7390  1
105:   0.8030  0.1970  1
106:   0.1060  0.8940  1
107:   0.5600  0.4400  1
108:   0.9090  0.0910  1
109:   0.7160  0.2840  1
110:   0.7140  0.2860  1
111:   0.8230  0.1770  1
112:   0.7990  0.2010  1
113:   0.6810  0.3190  1
114:   0.1440  0.8560  1
115:   0.8150  0.1850  1
116:   0.6830  0.3170  1
117:   0.0850  0.9150  1
118:   0.0680  0.9320  1
119:   0.1550  0.8450  1
120:   0.1130  0.8870  1
121:   0.0560  0.9440  1
122:   0.1120  0.8880  1
123:   0.2170  0.7830  1
124:   0.1880  0.8120  1
125:   0.0960  0.9040  1
126:   0.1150  0.8850  1
127:   0.0740  0.9260  1
128:   0.0720  0.9280  1
129:   0.1540  0.8460  1
130:   0.1080  0.8920  1
131:   0.1090  0.8910  1
132:   0.1340  0.8660  1
133:   0.2690  0.7310  1
134:   0.0640  0.9360  1
135:   0.2110  0.7890  1
136:   0.2650  0.7350  1

  1:   0.7480  0.2520  1
  2:   0.6930  0.3070  1
  3:   0.2610  0.7390  1
  4:   0.6740  0.3260  1
  5:   0.8410  0.1590  1
  6:   0.5930  0.4070  1
  7:   0.2810  0.7190  1
  8:   0.8760  0.1240  1
  9:   0.6130  0.3870  1
 10:   0.8720  0.1280  1
 11:   0.7990  0.2010  1
 12:   0.6010  0.3990  1
 13:   0.2300  0.7700  1
 14:   0.9320  0.0680  1
 15:   0.5720  0.4280  1
 16:   0.9090  0.0910  1
 17:   0.2350  0.7650  1
 18:   0.8630  0.1370  1
 19:   0.7700  0.2300  1
 20:   0.7640  0.2360  1
 21:   0.7770  0.2230  1
 22:   0.1710  0.8290  1
 23:   0.1400  0.8600  1
 24:   0.7700  0.2300  1
 25:   0.6910  0.3090  1
 26:   0.1640  0.8360  1
 27:   0.7180  0.2820  1
 28:   0.7230  0.2770  1
 29:   0.7940  0.2060  1
 30:   0.4560  0.5440  1
 31:   0.8720  0.1280  1
 32:   0.8810  0.1190  1
 33:   0.4880  0.5120  1
 34:   0.6170  0.3830  1
 35:   0.4370  0.5630  1
 36:   0.6650  0.3350  1
 37:   0.4130  0.5870  1
 38:   0.2350  0.7650  1
 39:   0.7850  0.2150  1
 40:   0.6800  0.3200  1
 41:   0.7950  0.2050  1
 42:   0.6020  0.3980  1
 43:   0.8120  0.1880  1
 44:   0.9010  0.0990  1
 45:   0.8060  0.1940  1
 46:   0.7940  0.2060  1
 47:   0.6800  0.3200  1
 48:   0.9040  0.0960  1
 49:   0.8920  0.1080  1
 50:   0.7220  0.2780  1
 51:   0.8240  0.1760  1
 52:   0.6690  0.3310  1
 53:   0.6050  0.3950  1
 54:   0.3140  0.6860  1
 55:   0.4610  0.5390  1
 56:   0.2630  0.7370  1
 57:   0.4790  0.5210  1
 58:   0.8190  0.1810  1
 59:   0.1210  0.8790  1
 60:   0.9190  0.0810  1
 61:   0.5580  0.4420  1
 62:   0.6910  0.3090  1
 63:   0.7530  0.2470  1
 64:   0.0920  0.9080  1
 65:   0.8800  0.1200  1
 66:   0.3790  0.6210  1
 67:   0.1590  0.8410  1
 68:   0.4090  0.5910  1
 69:   0.5260  0.4740  1
 70:   0.7130  0.2870  1
 71:   0.8050  0.1950  1
 72:   0.1650  0.8350  1
 73:   0.1620  0.8380  1
 74:   0.7940  0.2060  1
 75:   0.6960  0.3040  1
 76:   0.7890  0.2110  1
 77:   0.8410  0.1590  1
 78:   0.7650  0.2350  1
 79:   0.6140  0.3860  1
 80:   0.8370  0.1630  1
 81:   0.6210  0.3790  1
 82:   0.6420  0.3580  1
 83:   0.5570  0.4430  1
 84:   0.8270  0.1730  1
 85:   0.0870  0.9130  1
 86:   0.8170  0.1830  1
 87:   0.2230  0.7770  1
 88:   0.8550  0.1450  1
 89:   0.6920  0.3080  1
 90:   0.6230  0.3770  1
 91:   0.7900  0.2100  1
 92:   0.6900  0.3100  1
 93:   0.8520  0.1480  1
 94:   0.6590  0.3410  1
 95:   0.5210  0.4790  1
 96:   0.3350  0.6650  1
 97:   0.1860  0.8140  1
 98:   0.8150  0.1850  1
 99:   0.8640  0.1360  1
100:   0.7050  0.2950  1
101:   0.7630  0.2370  1
102:   0.4430  0.5570  1
103:   0.5690  0.4310  1
104:   0.2660  0.7340  1
105:   0.8050  0.1950  1
106:   0.1090  0.8910  1
107:   0.5700  0.4300  1
108:   0.9080  0.0920  1
109:   0.7130  0.2870  1
110:   0.7150  0.2850  1
111:   0.8240  0.1760  1
112:   0.7950  0.2050  1
113:   0.6810  0.3190  1
114:   0.1440  0.8560  1
115:   0.8220  0.1780  1
116:   0.6830  0.3170  1
117:   0.0860  0.9140  1
118:   0.0680  0.9320  1
119:   0.1540  0.8460  1
120:   0.1130  0.8870  1
121:   0.0550  0.9450  1
122:   0.1080  0.8920  1
123:   0.2130  0.7870  1
124:   0.1910  0.8090  1
125:   0.0960  0.9040  1
126:   0.1170  0.8830  1
127:   0.0750  0.9250  1
128:   0.0730  0.9270  1
129:   0.1540  0.8460  1
130:   0.1070  0.8930  1
131:   0.1080  0.8920  1
132:   0.1350  0.8650  1
133:   0.2650  0.7350  1
134:   0.0640  0.9360  1
135:   0.2110  0.7890  1
136:   0.2650  0.7350  1

  1:   0.7500  0.2500  1
  2:   0.6840  0.3160  1
  3:   0.2530  0.7470  1
  4:   0.6640  0.3360  1
  5:   0.8340  0.1660  1
  6:   0.5910  0.4090  1
  7:   0.2870  0.7130  1
  8:   0.8740  0.1260  1
  9:   0.6160  0.3840  1
 10:   0.8680  0.1320  1
 11:   0.7940  0.2060  1
 12:   0.5960  0.4040  1
 13:   0.2270  0.7730  1
 14:   0.9300  0.0700  1
 15:   0.5660  0.4340  1
 16:   0.9050  0.0950  1
 17:   0.2420  0.7580  1
 18:   0.8570  0.1430  1
 19:   0.7600  0.2400  1
 20:   0.7620  0.2380  1
 21:   0.7650  0.2350  1
 22:   0.1750  0.8250  1
 23:   0.1460  0.8540  1
 24:   0.7620  0.2380  1
 25:   0.6900  0.3100  1
 26:   0.1700  0.8300  1
 27:   0.7150  0.2850  1
 28:   0.7150  0.2850  1
 29:   0.7920  0.2080  1
 30:   0.4570  0.5430  1
 31:   0.8710  0.1290  1
 32:   0.8760  0.1240  1
 33:   0.4760  0.5240  1
 34:   0.6110  0.3890  1
 35:   0.4310  0.5690  1
 36:   0.6640  0.3360  1
 37:   0.4230  0.5770  1
 38:   0.2390  0.7610  1
 39:   0.7850  0.2150  1
 40:   0.6810  0.3190  1
 41:   0.7920  0.2080  1
 42:   0.6050  0.3950  1
 43:   0.8030  0.1970  1
 44:   0.9000  0.1000  1
 45:   0.8040  0.1960  1
 46:   0.7860  0.2140  1
 47:   0.6770  0.3230  1
 48:   0.9010  0.0990  1
 49:   0.8910  0.1090  1
 50:   0.7160  0.2840  1
 51:   0.8220  0.1780  1
 52:   0.6650  0.3350  1
 53:   0.5970  0.4030  1
 54:   0.3160  0.6840  1
 55:   0.4570  0.5430  1
 56:   0.2640  0.7360  1
 57:   0.4860  0.5140  1
 58:   0.8130  0.1870  1
 59:   0.1270  0.8730  1
 60:   0.9170  0.0830  1
 61:   0.5580  0.4420  1
 62:   0.6830  0.3170  1
 63:   0.7530  0.2470  1
 64:   0.0950  0.9050  1
 65:   0.8790  0.1210  1
 66:   0.3740  0.6260  1
 67:   0.1590  0.8410  1
 68:   0.3950  0.6050  1
 69:   0.5160  0.4840  1
 70:   0.7070  0.2930  1
 71:   0.7970  0.2030  1
 72:   0.1730  0.8270  1
 73:   0.1630  0.8370  1
 74:   0.7820  0.2180  1
 75:   0.6850  0.3150  1
 76:   0.7800  0.2200  1
 77:   0.8390  0.1610  1
 78:   0.7710  0.2290  1
 79:   0.6120  0.3880  1
 80:   0.8320  0.1680  1
 81:   0.6110  0.3890  1
 82:   0.6470  0.3530  1
 83:   0.5590  0.4410  1
 84:   0.8200  0.1800  1
 85:   0.0890  0.9110  1
 86:   0.8150  0.1850  1
 87:   0.2260  0.7740  1
 88:   0.8490  0.1510  1
 89:   0.6840  0.3160  1
 90:   0.6170  0.3830  1
 91:   0.7870  0.2130  1
 92:   0.6900  0.3100  1
 93:   0.8460  0.1540  1
 94:   0.6570  0.3430  1
 95:   0.5300  0.4700  1
 96:   0.3370  0.6630  1
 97:   0.1950  0.8050  1
 98:   0.8090  0.1910  1
 99:   0.8580  0.1420  1
100:   0.7040  0.2960  1
101:   0.7600  0.2400  1
102:   0.4440  0.5560  1
103:   0.5710  0.4290  1
104:   0.2650  0.7350  1
105:   0.7970  0.2030  1
106:   0.1100  0.8900  1
107:   0.5700  0.4300  1
108:   0.9050  0.0950  1
109:   0.7130  0.2870  1
110:   0.7100  0.2900  1
111:   0.8180  0.1820  1
112:   0.7910  0.2090  1
113:   0.6760  0.3240  1
114:   0.1460  0.8540  1
115:   0.8200  0.1800  1
116:   0.6790  0.3210  1
117:   0.0890  0.9110  1
118:   0.0700  0.9300  1
119:   0.1580  0.8420  1
120:   0.1170  0.8830  1
121:   0.0570  0.9430  1
122:   0.1140  0.8860  1
123:   0.2200  0.7800  1
124:   0.1920  0.8080  1
125:   0.0970  0.9030  1
126:   0.1210  0.8790  1
127:   0.0770  0.9230  1
128:   0.0760  0.9240  1
129:   0.1580  0.8420  1
130:   0.1080  0.8920  1
131:   0.1120  0.8880  1
132:   0.1380  0.8620  1
133:   0.2740  0.7260  1
134:   0.0650  0.9350  1
135:   0.2150  0.7850  1
136:   0.2680  0.7320  1

  1:   0.7400  0.2600  1
  2:   0.6860  0.3140  1
  3:   0.2600  0.7400  1
  4:   0.6690  0.3310  1
  5:   0.8350  0.1650  1
  6:   0.5990  0.4010  1
  7:   0.2850  0.7150  1
  8:   0.8730  0.1270  1
  9:   0.6120  0.3880  1
 10:   0.8660  0.1340  1
 11:   0.7960  0.2040  1
 12:   0.6000  0.4000  1
 13:   0.2290  0.7710  1
 14:   0.9310  0.0690  1
 15:   0.5690  0.4310  1
 16:   0.9070  0.0930  1
 17:   0.2350  0.7650  1
 18:   0.8590  0.1410  1
 19:   0.7670  0.2330  1
 20:   0.7590  0.2410  1
 21:   0.7770  0.2230  1
 22:   0.1710  0.8290  1
 23:   0.1410  0.8590  1
 24:   0.7630  0.2370  1
 25:   0.6890  0.3110  1
 26:   0.1660  0.8340  1
 27:   0.7120  0.2880  1
 28:   0.7170  0.2830  1
 29:   0.7940  0.2060  1
 30:   0.4540  0.5460  1
 31:   0.8700  0.1300  1
 32:   0.8790  0.1210  1
 33:   0.4910  0.5090  1
 34:   0.6180  0.3820  1
 35:   0.4370  0.5630  1
 36:   0.6610  0.3390  1
 37:   0.4130  0.5870  1
 38:   0.2320  0.7680  1
 39:   0.7840  0.2160  1
 40:   0.6880  0.3120  1
 41:   0.7910  0.2090  1
 42:   0.6010  0.3990  1
 43:   0.8110  0.1890  1
 44:   0.9000  0.1000  1
 45:   0.8030  0.1970  1
 46:   0.7960  0.2040  1
 47:   0.6750  0.3250  1
 48:   0.9040  0.0960  1
 49:   0.8910  0.1090  1
 50:   0.7200  0.2800  1
 51:   0.8150  0.1850  1
 52:   0.6690  0.3310  1
 53:   0.5940  0.4060  1
 54:   0.3100  0.6900  1
 55:   0.4590  0.5410  1
 56:   0.2590  0.7410  1
 57:   0.4790  0.5210  1
 58:   0.8150  0.1850  1
 59:   0.1250  0.8750  1
 60:   0.9170  0.0830  1
 61:   0.5530  0.4470  1
 62:   0.6890  0.3110  1
 63:   0.7530  0.2470  1
 64:   0.0940  0.9060  1
 65:   0.8780  0.1220  1
 66:   0.3750  0.6250  1
 67:   0.1600  0.8400  1
 68:   0.3990  0.6010  1
 69:   0.5130  0.4870  1
 70:   0.7070  0.2930  1
 71:   0.8010  0.1990  1
 72:   0.1700  0.8300  1
 73:   0.1700  0.8300  1
 74:   0.7900  0.2100  1
 75:   0.6920  0.3080  1
 76:   0.7850  0.2150  1
 77:   0.8360  0.1640  1
 78:   0.7570  0.2430  1
 79:   0.6090  0.3910  1
 80:   0.8330  0.1670  1
 81:   0.6140  0.3860  1
 82:   0.6480  0.3520  1
 83:   0.5560  0.4440  1
 84:   0.8230  0.1770  1
 85:   0.0880  0.9120  1
 86:   0.8140  0.1860  1
 87:   0.2290  0.7710  1
 88:   0.8510  0.1490  1
 89:   0.6890  0.3110  1
 90:   0.6250  0.3750  1
 91:   0.7900  0.2100  1
 92:   0.6870  0.3130  1
 93:   0.8500  0.1500  1
 94:   0.6550  0.3450  1
 95:   0.5230  0.4770  1
 96:   0.3310  0.6690  1
 97:   0.1880  0.8120  1
 98:   0.8140  0.1860  1
 99:   0.8640  0.1360  1
100:   0.7020  0.2980  1
101:   0.7620  0.2380  1
102:   0.4390  0.5610  1
103:   0.5720  0.4280  1
104:   0.2690  0.7310  1
105:   0.8030  0.1970  1
106:   0.1110  0.8890  1
107:   0.5680  0.4320  1
108:   0.9060  0.0940  1
109:   0.7070  0.2930  1
110:   0.7110  0.2890  1
111:   0.8200  0.1800  1
112:   0.7920  0.2080  1
113:   0.6780  0.3220  1
114:   0.1480  0.8520  1
115:   0.8220  0.1780  1
116:   0.6810  0.3190  1
117:   0.0870  0.9130  1
118:   0.0690  0.9310  1
119:   0.1550  0.8450  1
120:   0.1140  0.8860  1
121:   0.0560  0.9440  1
122:   0.1100  0.8900  1
123:   0.2160  0.7840  1
124:   0.1910  0.8090  1
125:   0.0980  0.9020  1
126:   0.1190  0.8810  1
127:   0.0750  0.9250  1
128:   0.0750  0.9250  1
129:   0.1570  0.8430  1
130:   0.1090  0.8910  1
131:   0.1100  0.8900  1
132:   0.1370  0.8630  1
133:   0.2720  0.7280  1
134:   0.0650  0.9350  1
135:   0.2070  0.7930  1
136:   0.2610  0.7390  1

  1:   0.7460  0.2540  1
  2:   0.6970  0.3030  1
  3:   0.2560  0.7440  1
  4:   0.6730  0.3270  1
  5:   0.8400  0.1600  1
  6:   0.6000  0.4000  1
  7:   0.2790  0.7210  1
  8:   0.8790  0.1210  1
  9:   0.6160  0.3840  1
 10:   0.8700  0.1300  1
 11:   0.8020  0.1980  1
 12:   0.6000  0.4000  1
 13:   0.2250  0.7750  1
 14:   0.9330  0.0670  1
 15:   0.5710  0.4290  1
 16:   0.9090  0.0910  1
 17:   0.2370  0.7630  1
 18:   0.8620  0.1380  1
 19:   0.7700  0.2300  1
 20:   0.7650  0.2350  1
 21:   0.7780  0.2220  1
 22:   0.1720  0.8280  1
 23:   0.1430  0.8570  1
 24:   0.7700  0.2300  1
 25:   0.6950  0.3050  1
 26:   0.1650  0.8350  1
 27:   0.7160  0.2840  1
 28:   0.7210  0.2790  1
 29:   0.7970  0.2030  1
 30:   0.4570  0.5430  1
 31:   0.8740  0.1260  1
 32:   0.8830  0.1170  1
 33:   0.4860  0.5140  1
 34:   0.6220  0.3780  1
 35:   0.4480  0.5520  1
 36:   0.6650  0.3350  1
 37:   0.4140  0.5860  1
 38:   0.2320  0.7680  1
 39:   0.7880  0.2120  1
 40:   0.6850  0.3150  1
 41:   0.7960  0.2040  1
 42:   0.6080  0.3920  1
 43:   0.8100  0.1900  1
 44:   0.9010  0.0990  1
 45:   0.8050  0.1950  1
 46:   0.7950  0.2050  1
 47:   0.6830  0.3170  1
 48:   0.9050  0.0950  1
 49:   0.8930  0.1070  1
 50:   0.7260  0.2740  1
 51:   0.8220  0.1780  1
 52:   0.6710  0.3290  1
 53:   0.5980  0.4020  1
 54:   0.3110  0.6890  1
 55:   0.4510  0.5490  1
 56:   0.2590  0.7410  1
 57:   0.4850  0.5150  1
 58:   0.8190  0.1810  1
 59:   0.1210  0.8790  1
 60:   0.9200  0.0800  1
 61:   0.5560  0.4440  1
 62:   0.6930  0.3070  1
 63:   0.7550  0.2450  1
 64:   0.0900  0.9100  1
 65:   0.8820  0.1180  1
 66:   0.3760  0.6240  1
 67:   0.1540  0.8460  1
 68:   0.4020  0.5980  1
 69:   0.5190  0.4810  1
 70:   0.7110  0.2890  1
 71:   0.8040  0.1960  1
 72:   0.1680  0.8320  1
 73:   0.1590  0.8410  1
 74:   0.7890  0.2110  1
 75:   0.6930  0.3070  1
 76:   0.7900  0.2100  1
 77:   0.8430  0.1570  1
 78:   0.7690  0.2310  1
 79:   0.6110  0.3890  1
 80:   0.8360  0.1640  1
 81:   0.6220  0.3780  1
 82:   0.6450  0.3550  1
 83:   0.5540  0.4460  1
 84:   0.8290  0.1710  1
 85:   0.0840  0.9160  1
 86:   0.8180  0.1820  1
 87:   0.2230  0.7770  1
 88:   0.8510  0.1490  1
 89:   0.6920  0.3080  1
 90:   0.6280  0.3720  1
 91:   0.7930  0.2070  1
 92:   0.6900  0.3100  1
 93:   0.8520  0.1480  1
 94:   0.6620  0.3380  1
 95:   0.5190  0.4810  1
 96:   0.3350  0.6650  1
 97:   0.1850  0.8150  1
 98:   0.8160  0.1840  1
 99:   0.8660  0.1340  1
100:   0.7020  0.2980  1
101:   0.7640  0.2360  1
102:   0.4420  0.5580  1
103:   0.5640  0.4360  1
104:   0.2730  0.7270  1
105:   0.8070  0.1930  1
106:   0.1060  0.8940  1
107:   0.5750  0.4250  1
108:   0.9070  0.0930  1
109:   0.7110  0.2890  1
110:   0.7170  0.2830  1
111:   0.8230  0.1770  1
112:   0.7960  0.2040  1
113:   0.6800  0.3200  1
114:   0.1450  0.8550  1
115:   0.8220  0.1780  1
116:   0.6860  0.3140  1
117:   0.0860  0.9140  1
118:   0.0680  0.9320  1
119:   0.1540  0.8460  1
120:   0.1120  0.8880  1
121:   0.0550  0.9450  1
122:   0.1090  0.8910  1
123:   0.2150  0.7850  1
124:   0.1890  0.8110  1
125:   0.0950  0.9050  1
126:   0.1160  0.8840  1
127:   0.0740  0.9260  1
128:   0.0730  0.9270  1
129:   0.1530  0.8470  1
130:   0.1070  0.8930  1
131:   0.1090  0.8910  1
132:   0.1340  0.8660  1
133:   0.2740  0.7260  1
134:   0.0640  0.9360  1
135:   0.2110  0.7890  1
136:   0.2610  0.7390  1

