  1:   0.7477  0.2523  1
  2:   0.6885  0.3115  1
  3:   0.2554  0.7446  1
  4:   0.6724  0.3276  1
  5:   0.8370  0.1630  1
  6:   0.5967  0.4033  1
  7:   0.2843  0.7157  1
  8:   0.8756  0.1244  1
  9:   0.6100  0.3900  1
 10:   0.8707  0.1293  1
 11:   0.7974  0.2026  1
 12:   0.5953  0.4047  1
 13:   0.2269  0.7731  1
 14:   0.9319  0.0681  1
 15:   0.5753  0.4247  1
 16:   0.9072  0.0928  1
 17:   0.2384  0.7616  1
 18:   0.8608  0.1392  1
 19:   0.7676  0.2324  1
 20:   0.7641  0.2359  1
 21:   0.7717  0.2283  1
 22:   0.1695  0.8305  1
 23:   0.1424  0.8576  1
 24:   0.7639  0.2361  1
 25:   0.6908  0.3092  1
 26:   0.1640  0.8360  1
 27:   0.7161  0.2839  1
 28:   0.7138  0.2862  1
 29:   0.7933  0.2067  1
 30:   0.4569  0.5431  1
 31:   0.8718  0.1282  1
 32:   0.8793  0.1207  1
 33:   0.4871  0.5129  1
 34:   0.6122  0.3878  1
 35:   0.4379  0.5621  1
 36:   0.6631  0.3369  1
 37:   0.4153  0.5847  1
 38:   0.2348  0.7652  1
 39:   0.7836  0.2164  1
 40:   0.6817  0.3183  1
 41:   0.7939  0.2061  1
 42:   0.5988  0.4012  1
 43:   0.8125  0.1875  1
 44:   0.8998  0.1002  1
 45:   0.8046  0.1954  1
 46:   0.7970  0.2030  1
 47:   0.6741  0.3259  1
 48:   0.9036  0.0964  1
 49:   0.8921  0.1079  1
 50:   0.7178  0.2822  1
 51:   0.8196  0.1804  1
 52:   0.6730  0.3270  1
 53:   0.6049  0.3951  1
 54:   0.3149  0.6851  1
 55:   0.4603  0.5397  1
 56:   0.2612  0.7388  1
 57:   0.4852  0.5148  1
 58:   0.8172  0.1828  1
 59:   0.1229  0.8771  1
 60:   0.9191  0.0809  1
 61:   0.5632  0.4368  1
 62:   0.6858  0.3142  1
 63:   0.7548  0.2452  1
 64:   0.0914  0.9086  1
 65:   0.8794  0.1206  1
 66:   0.3769  0.6231  1
 67:   0.1570  0.8430  1
 68:   0.4004  0.5996  1
 69:   0.5122  0.4878  1
 70:   0.7045  0.2955  1
 71:   0.8015  0.1985  1
 72:   0.1657  0.8343  1
 73:   0.1630  0.8370  1
 74:   0.7899  0.2101  1
 75:   0.6892  0.3108  1
 76:   0.7874  0.2126  1
 77:   0.8404  0.1596  1
 78:   0.7681  0.2319  1
 79:   0.6152  0.3848  1
 80:   0.8326  0.1674  1
 81:   0.6147  0.3853  1
 82:   0.6446  0.3554  1
 83:   0.5595  0.4405  1
 84:   0.8244  0.1756  1
 85:   0.0871  0.9129  1
 86:   0.8158  0.1842  1
 87:   0.2185  0.7815  1
 88:   0.8532  0.1468  1
 89:   0.6894  0.3106  1
 90:   0.6211  0.3789  1
 91:   0.7907  0.2093  1
 92:   0.6941  0.3059  1
 93:   0.8525  0.1475  1
 94:   0.6643  0.3357  1
 95:   0.5216  0.4784  1
 96:   0.3333  0.6667  1
 97:   0.1879  0.8121  1
 98:   0.8120  0.1880  1
 99:   0.8618  0.1382  1
100:   0.7057  0.2943  1
101:   0.7600  0.2400  1
102:   0.4454  0.5546  1
103:   0.5710  0.4290  1
104:   0.2650  0.7350  1
105:   0.8018  0.1982  1
106:   0.1081  0.8919  1
107:   0.5632  0.4368  1
108:   0.9072  0.0928  1
109:   0.7127  0.2873  1
110:   0.7126  0.2874  1
111:   0.8214  0.1786  1
112:   0.7960  0.2040  1
113:   0.6790  0.3210  1
114:   0.1455  0.8545  1
115:   0.8167  0.1833  1
116:   0.6818  0.3182  1
117:   0.0864  0.9136  1
118:   0.0687  0.9313  1
119:   0.1556  0.8444  1
120:   0.1141  0.8859  1
121:   0.0563  0.9437  1
122:   0.1116  0.8884  1
123:   0.2171  0.7829  1
124:   0.1900  0.8100  1
125:   0.0969  0.9031  1
126:   0.1171  0.8829  1
127:   0.0750  0.9250  1
128:   0.0736  0.9264  1
129:   0.1554  0.8446  1
130:   0.1084  0.8916  1
131:   0.1097  0.8903  1
132:   0.1356  0.8644  1
133:   0.2714  0.7286  1
134:   0.0646  0.9354  1
135:   0.2124  0.7876  1
136:   0.2656  0.7344  1
