1:    0.753 0.247 1    
2:    0.688 0.312 1    
3:    0.254 0.746 1    
4:    0.677 0.323 1    
5:    0.839 0.161 1    
6:    0.600 0.400 1    
7:    0.284 0.716 1    
8:    0.877 0.123 1    
9:    0.609 0.391 1    
10:   0.873 0.127 1    
11:   0.799 0.201 1    
12:   0.595 0.405 1    
13:   0.224 0.776 1    
14:   0.933 0.067 1    
15:   0.581 0.419 1    
16:   0.908 0.092 1    
17:   0.239 0.761 1    
18:   0.863 0.137 1    
19:   0.771 0.229 1    
20:   0.767 0.233 1    
21:   0.771 0.229 1    
22:   0.167 0.833 1    
23:   0.141 0.859 1    
24:   0.764 0.236 1    
25:   0.693 0.307 1    
26:   0.161 0.839 1    
27:   0.718 0.282 1    
28:   0.712 0.288 1    
29:   0.794 0.206 1    
30:   0.457 0.543 1    
31:   0.873 0.127 1    
32:   0.880 0.120 1    
33:   0.487 0.513 1    
34:   0.611 0.389 1    
35:   0.439 0.561 1    
36:   0.666 0.334 1    
37:   0.414 0.586 1    
38:   0.232 0.768 1    
39:   0.785 0.215 1    
40:   0.681 0.319 1    
41:   0.797 0.203 1    
42:   0.598 0.402 1    
43:   0.817 0.183 1    
44:   0.901 0.099 1    
45:   0.807 0.193 1    
46:   0.802 0.198 1    
47:   0.673 0.327 1    
48:   0.905 0.095 1    
49:   0.894 0.106 1    
50:   0.717 0.283 1    
51:   0.822 0.178 1    
52:   0.676 0.324 1    
53:   0.611 0.389 1    
54:   0.316 0.684 1    
55:   0.463 0.537 1    
56:   0.260 0.740 1    
57:   0.487 0.513 1    
58:   0.819 0.181 1    
59:   0.121 0.879 1    
60:   0.921 0.079 1    
61:   0.568 0.432 1    
62:   0.685 0.315 1    
63:   0.757 0.243 1    
64:   0.089 0.911 1    
65:   0.881 0.119 1    
66:   0.377 0.623 1    
67:   0.154 0.846 1    
68:   0.397 0.603 1    
69:   0.513 0.487 1    
70:   0.702 0.298 1    
71:   0.803 0.197 1    
72:   0.162 0.838 1    
73:   0.161 0.839 1    
74:   0.793 0.207 1    
75:   0.690 0.310 1    
76:   0.791 0.209 1    
77:   0.843 0.157 1    
78:   0.772 0.228 1    
79:   0.618 0.382 1    
80:   0.833 0.167 1    
81:   0.615 0.385 1    
82:   0.644 0.356 1    
83:   0.562 0.438 1    
84:   0.826 0.174 1    
85:   0.086 0.914 1    
86:   0.817 0.183 1    
87:   0.211 0.789 1    
88:   0.857 0.143 1    
89:   0.693 0.307 1    
90:   0.623 0.377 1    
91:   0.793 0.207 1    
92:   0.701 0.299 1    
93:   0.856 0.144 1    
94:   0.671 0.329 1    
95:   0.520 0.480 1    
96:   0.331 0.669 1    
97:   0.186 0.814 1    
98:   0.812 0.188 1    
99:   0.862 0.138 1    
100:  0.708 0.292 1    
101:  0.761 0.239 1    
102:  0.449 0.551 1    
103:  0.570 0.430 1    
104:  0.261 0.739 1    
105:  0.803 0.197 1    
106:  0.106 0.894 1    
107:  0.560 0.440 1    
108:  0.909 0.091 1    
109:  0.716 0.284 1    
110:  0.714 0.286 1    
111:  0.823 0.177 1    
112:  0.799 0.201 1    
113:  0.681 0.319 1    
114:  0.144 0.856 1    
115:  0.815 0.185 1    
116:  0.683 0.317 1    
117:  0.085 0.915 1    
118:  0.068 0.932 1    
119:  0.155 0.845 1    
120:  0.113 0.887 1    
121:  0.056 0.944 1    
122:  0.112 0.888 1    
123:  0.217 0.783 1    
124:  0.188 0.812 1    
125:  0.096 0.904 1    
126:  0.115 0.885 1    
127:  0.074 0.926 1    
128:  0.072 0.928 1    
129:  0.154 0.846 1    
130:  0.108 0.892 1    
131:  0.109 0.891 1    
132:  0.134 0.866 1    
133:  0.269 0.731 1    
134:  0.064 0.936 1    
135:  0.211 0.789 1    
136:  0.265 0.735 1    
           
           
1:    0.728 0.272 1    
2:    0.685 0.315 1    
3:    0.254 0.746 1    
4:    0.659 0.341 1    
5:    0.825 0.175 1    
6:    0.584 0.416 1    
7:    0.291 0.709 1    
8:    0.869 0.131 1    
9:    0.598 0.402 1    
10:   0.866 0.134 1    
11:   0.788 0.212 1    
12:   0.581 0.419 1    
13:   0.238 0.762 1    
14:   0.928 0.072 1    
15:   0.570 0.430 1    
16:   0.902 0.098 1    
17:   0.240 0.760 1    
18:   0.852 0.148 1    
19:   0.754 0.246 1    
20:   0.756 0.244 1    
21:   0.765 0.235 1    
22:   0.171 0.829 1    
23:   0.149 0.851 1    
24:   0.754 0.246 1    
25:   0.678 0.322 1    
26:   0.170 0.830 1    
27:   0.710 0.290 1    
28:   0.702 0.298 1    
29:   0.786 0.214 1    
30:   0.460 0.540 1    
31:   0.866 0.134 1    
32:   0.874 0.126 1    
33:   0.495 0.505 1    
34:   0.599 0.401 1    
35:   0.431 0.569 1    
36:   0.646 0.354 1    
37:   0.420 0.580 1    
38:   0.250 0.750 1    
39:   0.769 0.231 1    
40:   0.678 0.322 1    
41:   0.780 0.220 1    
42:   0.582 0.418 1    
43:   0.804 0.196 1    
44:   0.891 0.109 1    
45:   0.793 0.207 1    
46:   0.789 0.211 1    
47:   0.661 0.339 1    
48:   0.897 0.103 1    
49:   0.884 0.116 1    
50:   0.709 0.291 1    
51:   0.803 0.197 1    
52:   0.676 0.324 1    
53:   0.600 0.400 1    
54:   0.318 0.682 1    
55:   0.460 0.540 1    
56:   0.267 0.733 1    
57:   0.488 0.512 1    
58:   0.811 0.189 1    
59:   0.130 0.870 1    
60:   0.913 0.087 1    
61:   0.567 0.433 1    
62:   0.677 0.323 1    
63:   0.749 0.251 1    
64:   0.098 0.902 1    
65:   0.870 0.130 1    
66:   0.380 0.620 1    
67:   0.168 0.832 1    
68:   0.414 0.586 1    
69:   0.483 0.517 1    
70:   0.697 0.303 1    
71:   0.793 0.207 1    
72:   0.171 0.829 1    
73:   0.171 0.829 1    
74:   0.779 0.221 1    
75:   0.676 0.324 1    
76:   0.775 0.225 1    
77:   0.830 0.170 1    
78:   0.759 0.241 1    
79:   0.616 0.384 1    
80:   0.823 0.177 1    
81:   0.604 0.396 1    
82:   0.644 0.356 1    
83:   0.559 0.441 1    
84:   0.815 0.185 1    
85:   0.093 0.907 1    
86:   0.809 0.191 1    
87:   0.229 0.771 1    
88:   0.841 0.159 1    
89:   0.672 0.328 1    
90:   0.603 0.397 1    
91:   0.782 0.218 1    
92:   0.679 0.321 1    
93:   0.845 0.155 1    
94:   0.655 0.345 1    
95:   0.523 0.477 1    
96:   0.340 0.660 1    
97:   0.195 0.805 1    
98:   0.806 0.194 1    
99:   0.856 0.144 1    
100:  0.704 0.296 1    
101:  0.746 0.254 1    
102:  0.441 0.559 1    
103:  0.584 0.416 1    
104:  0.272 0.728 1    
105:  0.791 0.209 1    
106:  0.115 0.885 1    
107:  0.549 0.451 1    
108:  0.901 0.099 1    
109:  0.703 0.297 1    
110:  0.703 0.297 1    
111:  0.814 0.186 1    
112:  0.791 0.209 1    
113:  0.670 0.330 1    
114:  0.152 0.848 1    
115:  0.806 0.194 1    
116:  0.674 0.326 1    
117:  0.091 0.909 1    
118:  0.072 0.928 1    
119:  0.160 0.840 1    
120:  0.120 0.880 1    
121:  0.060 0.940 1    
122:  0.115 0.885 1    
123:  0.222 0.778 1    
124:  0.197 0.803 1    
125:  0.103 0.897 1    
126:  0.123 0.877 1    
127:  0.079 0.921 1    
128:  0.079 0.921 1    
129:  0.162 0.838 1    
130:  0.113 0.887 1    
131:  0.113 0.887 1    
132:  0.142 0.858 1    
133:  0.284 0.716 1    
134:  0.068 0.932 1    
135:  0.225 0.775 1    
136:  0.276 0.724 1    
           
           
1:    0.753 0.247 1    
2:    0.688 0.312 1    
3:    0.254 0.746 1    
4:    0.677 0.323 1    
5:    0.839 0.161 1    
6:    0.600 0.400 1    
7:    0.284 0.716 1    
8:    0.877 0.123 1    
9:    0.609 0.391 1    
10:   0.873 0.127 1    
11:   0.799 0.201 1    
12:   0.595 0.405 1    
13:   0.224 0.776 1    
14:   0.933 0.067 1    
15:   0.581 0.419 1    
16:   0.908 0.092 1    
17:   0.239 0.761 1    
18:   0.863 0.137 1    
19:   0.771 0.229 1    
20:   0.767 0.233 1    
21:   0.771 0.229 1    
22:   0.167 0.833 1    
23:   0.141 0.859 1    
24:   0.764 0.236 1    
25:   0.693 0.307 1    
26:   0.161 0.839 1    
27:   0.718 0.282 1    
28:   0.712 0.288 1    
29:   0.794 0.206 1    
30:   0.457 0.543 1    
31:   0.873 0.127 1    
32:   0.880 0.120 1    
33:   0.487 0.513 1    
34:   0.611 0.389 1    
35:   0.439 0.561 1    
36:   0.666 0.334 1    
37:   0.414 0.586 1    
38:   0.232 0.768 1    
39:   0.785 0.215 1    
40:   0.681 0.319 1    
41:   0.797 0.203 1    
42:   0.598 0.402 1    
43:   0.817 0.183 1    
44:   0.901 0.099 1    
45:   0.807 0.193 1    
46:   0.802 0.198 1    
47:   0.673 0.327 1    
48:   0.905 0.095 1    
49:   0.894 0.106 1    
50:   0.717 0.283 1    
51:   0.822 0.178 1    
52:   0.676 0.324 1    
53:   0.611 0.389 1    
54:   0.316 0.684 1    
55:   0.463 0.537 1    
56:   0.260 0.740 1    
57:   0.487 0.513 1    
58:   0.819 0.181 1    
59:   0.121 0.879 1    
60:   0.921 0.079 1    
61:   0.568 0.432 1    
62:   0.685 0.315 1    
63:   0.757 0.243 1    
64:   0.089 0.911 1    
65:   0.881 0.119 1    
66:   0.377 0.623 1    
67:   0.154 0.846 1    
68:   0.397 0.603 1    
69:   0.513 0.487 1    
70:   0.702 0.298 1    
71:   0.803 0.197 1    
72:   0.162 0.838 1    
73:   0.161 0.839 1    
74:   0.793 0.207 1    
75:   0.690 0.310 1    
76:   0.791 0.209 1    
77:   0.843 0.157 1    
78:   0.772 0.228 1    
79:   0.618 0.382 1    
80:   0.833 0.167 1    
81:   0.615 0.385 1    
82:   0.644 0.356 1    
83:   0.562 0.438 1    
84:   0.826 0.174 1    
85:   0.086 0.914 1    
86:   0.817 0.183 1    
87:   0.211 0.789 1    
88:   0.857 0.143 1    
89:   0.693 0.307 1    
90:   0.623 0.377 1    
91:   0.793 0.207 1    
92:   0.701 0.299 1    
93:   0.856 0.144 1    
94:   0.671 0.329 1    
95:   0.520 0.480 1    
96:   0.331 0.669 1    
97:   0.186 0.814 1    
98:   0.812 0.188 1    
99:   0.862 0.138 1    
100:  0.708 0.292 1    
101:  0.761 0.239 1    
102:  0.449 0.551 1    
103:  0.570 0.430 1    
104:  0.261 0.739 1    
105:  0.803 0.197 1    
106:  0.106 0.894 1    
107:  0.560 0.440 1    
108:  0.909 0.091 1    
109:  0.716 0.284 1    
110:  0.714 0.286 1    
111:  0.823 0.177 1    
112:  0.799 0.201 1    
113:  0.681 0.319 1    
114:  0.144 0.856 1    
115:  0.815 0.185 1    
116:  0.683 0.317 1    
117:  0.085 0.915 1    
118:  0.068 0.932 1    
119:  0.155 0.845 1    
120:  0.113 0.887 1    
121:  0.056 0.944 1    
122:  0.112 0.888 1    
123:  0.217 0.783 1    
124:  0.188 0.812 1    
125:  0.096 0.904 1    
126:  0.115 0.885 1    
127:  0.074 0.926 1    
128:  0.072 0.928 1    
129:  0.154 0.846 1    
130:  0.108 0.892 1    
131:  0.109 0.891 1    
132:  0.134 0.866 1    
133:  0.269 0.731 1    
134:  0.064 0.936 1    
135:  0.211 0.789 1    
136:  0.265 0.735 1    
           
           
1:    0.753 0.247 1    
2:    0.688 0.312 1    
3:    0.254 0.746 1    
4:    0.677 0.323 1    
5:    0.839 0.161 1    
6:    0.600 0.400 1    
7:    0.284 0.716 1    
8:    0.877 0.123 1    
9:    0.609 0.391 1    
10:   0.873 0.127 1    
11:   0.799 0.201 1    
12:   0.595 0.405 1    
13:   0.224 0.776 1    
14:   0.933 0.067 1    
15:   0.581 0.419 1    
16:   0.908 0.092 1    
17:   0.239 0.761 1    
18:   0.863 0.137 1    
19:   0.771 0.229 1    
20:   0.767 0.233 1    
21:   0.771 0.229 1    
22:   0.167 0.833 1    
23:   0.141 0.859 1    
24:   0.764 0.236 1    
25:   0.693 0.307 1    
26:   0.161 0.839 1    
27:   0.718 0.282 1    
28:   0.712 0.288 1    
29:   0.794 0.206 1    
30:   0.457 0.543 1    
31:   0.873 0.127 1    
32:   0.880 0.120 1    
33:   0.487 0.513 1    
34:   0.611 0.389 1    
35:   0.439 0.561 1    
36:   0.666 0.334 1    
37:   0.414 0.586 1    
38:   0.232 0.768 1    
39:   0.785 0.215 1    
40:   0.681 0.319 1    
41:   0.797 0.203 1    
42:   0.598 0.402 1    
43:   0.817 0.183 1    
44:   0.901 0.099 1    
45:   0.807 0.193 1    
46:   0.802 0.198 1    
47:   0.673 0.327 1    
48:   0.905 0.095 1    
49:   0.894 0.106 1    
50:   0.717 0.283 1    
51:   0.822 0.178 1    
52:   0.676 0.324 1    
53:   0.611 0.389 1    
54:   0.316 0.684 1    
55:   0.463 0.537 1    
56:   0.260 0.740 1    
57:   0.487 0.513 1    
58:   0.819 0.181 1    
59:   0.121 0.879 1    
60:   0.921 0.079 1    
61:   0.568 0.432 1    
62:   0.685 0.315 1    
63:   0.757 0.243 1    
64:   0.089 0.911 1    
65:   0.881 0.119 1    
66:   0.377 0.623 1    
67:   0.154 0.846 1    
68:   0.397 0.603 1    
69:   0.513 0.487 1    
70:   0.702 0.298 1    
71:   0.803 0.197 1    
72:   0.162 0.838 1    
73:   0.161 0.839 1    
74:   0.793 0.207 1    
75:   0.690 0.310 1    
76:   0.791 0.209 1    
77:   0.843 0.157 1    
78:   0.772 0.228 1    
79:   0.618 0.382 1    
80:   0.833 0.167 1    
81:   0.615 0.385 1    
82:   0.644 0.356 1    
83:   0.562 0.438 1    
84:   0.826 0.174 1    
85:   0.086 0.914 1    
86:   0.817 0.183 1    
87:   0.211 0.789 1    
88:   0.857 0.143 1    
89:   0.693 0.307 1    
90:   0.623 0.377 1    
91:   0.793 0.207 1    
92:   0.701 0.299 1    
93:   0.856 0.144 1    
94:   0.671 0.329 1    
95:   0.520 0.480 1    
96:   0.331 0.669 1    
97:   0.186 0.814 1    
98:   0.812 0.188 1    
99:   0.862 0.138 1    
100:  0.708 0.292 1    
101:  0.761 0.239 1    
102:  0.449 0.551 1    
103:  0.570 0.430 1    
104:  0.261 0.739 1    
105:  0.803 0.197 1    
106:  0.106 0.894 1    
107:  0.560 0.440 1    
108:  0.909 0.091 1    
109:  0.716 0.284 1    
110:  0.714 0.286 1    
111:  0.823 0.177 1    
112:  0.799 0.201 1    
113:  0.681 0.319 1    
114:  0.144 0.856 1    
115:  0.815 0.185 1    
116:  0.683 0.317 1    
117:  0.085 0.915 1    
118:  0.068 0.932 1    
119:  0.155 0.845 1    
120:  0.113 0.887 1    
121:  0.056 0.944 1    
122:  0.112 0.888 1    
123:  0.217 0.783 1    
124:  0.188 0.812 1    
125:  0.096 0.904 1    
126:  0.115 0.885 1    
127:  0.074 0.926 1    
128:  0.072 0.928 1    
129:  0.154 0.846 1    
130:  0.108 0.892 1    
131:  0.109 0.891 1    
132:  0.134 0.866 1    
133:  0.269 0.731 1    
134:  0.064 0.936 1    
135:  0.211 0.789 1    
136:  0.265 0.735 1    
           
           
1:    0.753 0.247 1    
2:    0.688 0.312 1    
3:    0.254 0.746 1    
4:    0.677 0.323 1    
5:    0.839 0.161 1    
6:    0.600 0.400 1    
7:    0.284 0.716 1    
8:    0.877 0.123 1    
9:    0.609 0.391 1    
10:   0.873 0.127 1    
11:   0.799 0.201 1    
12:   0.595 0.405 1    
13:   0.224 0.776 1    
14:   0.933 0.067 1    
15:   0.581 0.419 1    
16:   0.908 0.092 1    
17:   0.239 0.761 1    
18:   0.863 0.137 1    
19:   0.771 0.229 1    
20:   0.767 0.233 1    
21:   0.771 0.229 1    
22:   0.167 0.833 1    
23:   0.141 0.859 1    
24:   0.764 0.236 1    
25:   0.693 0.307 1    
26:   0.161 0.839 1    
27:   0.718 0.282 1    
28:   0.712 0.288 1    
29:   0.794 0.206 1    
30:   0.457 0.543 1    
31:   0.873 0.127 1    
32:   0.880 0.120 1    
33:   0.487 0.513 1    
34:   0.611 0.389 1    
35:   0.439 0.561 1    
36:   0.666 0.334 1    
37:   0.414 0.586 1    
38:   0.232 0.768 1    
39:   0.785 0.215 1    
40:   0.681 0.319 1    
41:   0.797 0.203 1    
42:   0.598 0.402 1    
43:   0.817 0.183 1    
44:   0.901 0.099 1    
45:   0.807 0.193 1    
46:   0.802 0.198 1    
47:   0.673 0.327 1    
48:   0.905 0.095 1    
49:   0.894 0.106 1    
50:   0.717 0.283 1    
51:   0.822 0.178 1    
52:   0.676 0.324 1    
53:   0.611 0.389 1    
54:   0.316 0.684 1    
55:   0.463 0.537 1    
56:   0.260 0.740 1    
57:   0.487 0.513 1    
58:   0.819 0.181 1    
59:   0.121 0.879 1    
60:   0.921 0.079 1    
61:   0.568 0.432 1    
62:   0.685 0.315 1    
63:   0.757 0.243 1    
64:   0.089 0.911 1    
65:   0.881 0.119 1    
66:   0.377 0.623 1    
67:   0.154 0.846 1    
68:   0.397 0.603 1    
69:   0.513 0.487 1    
70:   0.702 0.298 1    
71:   0.803 0.197 1    
72:   0.162 0.838 1    
73:   0.161 0.839 1    
74:   0.793 0.207 1    
75:   0.690 0.310 1    
76:   0.791 0.209 1    
77:   0.843 0.157 1    
78:   0.772 0.228 1    
79:   0.618 0.382 1    
80:   0.833 0.167 1    
81:   0.615 0.385 1    
82:   0.644 0.356 1    
83:   0.562 0.438 1    
84:   0.826 0.174 1    
85:   0.086 0.914 1    
86:   0.817 0.183 1    
87:   0.211 0.789 1    
88:   0.857 0.143 1    
89:   0.693 0.307 1    
90:   0.623 0.377 1    
91:   0.793 0.207 1    
92:   0.701 0.299 1    
93:   0.856 0.144 1    
94:   0.671 0.329 1    
95:   0.520 0.480 1    
96:   0.331 0.669 1    
97:   0.186 0.814 1    
98:   0.812 0.188 1    
99:   0.862 0.138 1    
100:  0.708 0.292 1    
101:  0.761 0.239 1    
102:  0.449 0.551 1    
103:  0.570 0.430 1    
104:  0.261 0.739 1    
105:  0.803 0.197 1    
106:  0.106 0.894 1    
107:  0.560 0.440 1    
108:  0.909 0.091 1    
109:  0.716 0.284 1    
110:  0.714 0.286 1    
111:  0.823 0.177 1    
112:  0.799 0.201 1    
113:  0.681 0.319 1    
114:  0.144 0.856 1    
115:  0.815 0.185 1    
116:  0.683 0.317 1    
117:  0.085 0.915 1    
118:  0.068 0.932 1    
119:  0.155 0.845 1    
120:  0.113 0.887 1    
121:  0.056 0.944 1    
122:  0.112 0.888 1    
123:  0.217 0.783 1    
124:  0.188 0.812 1    
125:  0.096 0.904 1    
126:  0.115 0.885 1    
127:  0.074 0.926 1    
128:  0.072 0.928 1    
129:  0.154 0.846 1    
130:  0.108 0.892 1    
131:  0.109 0.891 1    
132:  0.134 0.866 1    
133:  0.269 0.731 1    
134:  0.064 0.936 1    
135:  0.211 0.789 1    
136:  0.265 0.735 1    
           
           
1:    0.753 0.247 1    
2:    0.688 0.312 1    
3:    0.254 0.746 1    
4:    0.677 0.323 1    
5:    0.839 0.161 1    
6:    0.600 0.400 1    
7:    0.284 0.716 1    
8:    0.877 0.123 1    
9:    0.609 0.391 1    
10:   0.873 0.127 1    
11:   0.799 0.201 1    
12:   0.595 0.405 1    
13:   0.224 0.776 1    
14:   0.933 0.067 1    
15:   0.581 0.419 1    
16:   0.908 0.092 1    
17:   0.239 0.761 1    
18:   0.863 0.137 1    
19:   0.771 0.229 1    
20:   0.767 0.233 1    
21:   0.771 0.229 1    
22:   0.167 0.833 1    
23:   0.141 0.859 1    
24:   0.764 0.236 1    
25:   0.693 0.307 1    
26:   0.161 0.839 1    
27:   0.718 0.282 1    
28:   0.712 0.288 1    
29:   0.794 0.206 1    
30:   0.457 0.543 1    
31:   0.873 0.127 1    
32:   0.880 0.120 1    
33:   0.487 0.513 1    
34:   0.611 0.389 1    
35:   0.439 0.561 1    
36:   0.666 0.334 1    
37:   0.414 0.586 1    
38:   0.232 0.768 1    
39:   0.785 0.215 1    
40:   0.681 0.319 1    
41:   0.797 0.203 1    
42:   0.598 0.402 1    
43:   0.817 0.183 1    
44:   0.901 0.099 1    
45:   0.807 0.193 1    
46:   0.802 0.198 1    
47:   0.673 0.327 1    
48:   0.905 0.095 1    
49:   0.894 0.106 1    
50:   0.717 0.283 1    
51:   0.822 0.178 1    
52:   0.676 0.324 1    
53:   0.611 0.389 1    
54:   0.316 0.684 1    
55:   0.463 0.537 1    
56:   0.260 0.740 1    
57:   0.487 0.513 1    
58:   0.819 0.181 1    
59:   0.121 0.879 1    
60:   0.921 0.079 1    
61:   0.568 0.432 1    
62:   0.685 0.315 1    
63:   0.757 0.243 1    
64:   0.089 0.911 1    
65:   0.881 0.119 1    
66:   0.377 0.623 1    
67:   0.154 0.846 1    
68:   0.397 0.603 1    
69:   0.513 0.487 1    
70:   0.702 0.298 1    
71:   0.803 0.197 1    
72:   0.162 0.838 1    
73:   0.161 0.839 1    
74:   0.793 0.207 1    
75:   0.690 0.310 1    
76:   0.791 0.209 1    
77:   0.843 0.157 1    
78:   0.772 0.228 1    
79:   0.618 0.382 1    
80:   0.833 0.167 1    
81:   0.615 0.385 1    
82:   0.644 0.356 1    
83:   0.562 0.438 1    
84:   0.826 0.174 1    
85:   0.086 0.914 1    
86:   0.817 0.183 1    
87:   0.211 0.789 1    
88:   0.857 0.143 1    
89:   0.693 0.307 1    
90:   0.623 0.377 1    
91:   0.793 0.207 1    
92:   0.701 0.299 1    
93:   0.856 0.144 1    
94:   0.671 0.329 1    
95:   0.520 0.480 1    
96:   0.331 0.669 1    
97:   0.186 0.814 1    
98:   0.812 0.188 1    
99:   0.862 0.138 1    
100:  0.708 0.292 1    
101:  0.761 0.239 1    
102:  0.449 0.551 1    
103:  0.570 0.430 1    
104:  0.261 0.739 1    
105:  0.803 0.197 1    
106:  0.106 0.894 1    
107:  0.560 0.440 1    
108:  0.909 0.091 1    
109:  0.716 0.284 1    
110:  0.714 0.286 1    
111:  0.823 0.177 1    
112:  0.799 0.201 1    
113:  0.681 0.319 1    
114:  0.144 0.856 1    
115:  0.815 0.185 1    
116:  0.683 0.317 1    
117:  0.085 0.915 1    
118:  0.068 0.932 1    
119:  0.155 0.845 1    
120:  0.113 0.887 1    
121:  0.056 0.944 1    
122:  0.112 0.888 1    
123:  0.217 0.783 1    
124:  0.188 0.812 1    
125:  0.096 0.904 1    
126:  0.115 0.885 1    
127:  0.074 0.926 1    
128:  0.072 0.928 1    
129:  0.154 0.846 1    
130:  0.108 0.892 1    
131:  0.109 0.891 1    
132:  0.134 0.866 1    
133:  0.269 0.731 1    
134:  0.064 0.936 1    
135:  0.211 0.789 1    
136:  0.265 0.735 1    
           
           
1:    0.748 0.252 1    
2:    0.693 0.307 1    
3:    0.261 0.739 1    
4:    0.674 0.326 1    
5:    0.841 0.159 1    
6:    0.593 0.407 1    
7:    0.281 0.719 1    
8:    0.876 0.124 1    
9:    0.613 0.387 1    
10:   0.872 0.128 1    
11:   0.799 0.201 1    
12:   0.601 0.399 1    
13:   0.230 0.770 1    
14:   0.932 0.068 1    
15:   0.572 0.428 1    
16:   0.909 0.091 1    
17:   0.235 0.765 1    
18:   0.863 0.137 1    
19:   0.770 0.230 1    
20:   0.764 0.236 1    
21:   0.777 0.223 1    
22:   0.171 0.829 1    
23:   0.140 0.860 1    
24:   0.770 0.230 1    
25:   0.691 0.309 1    
26:   0.164 0.836 1    
27:   0.718 0.282 1    
28:   0.723 0.277 1    
29:   0.794 0.206 1    
30:   0.456 0.544 1    
31:   0.872 0.128 1    
32:   0.881 0.119 1    
33:   0.488 0.512 1    
34:   0.617 0.383 1    
35:   0.437 0.563 1    
36:   0.665 0.335 1    
37:   0.413 0.587 1    
38:   0.235 0.765 1    
39:   0.785 0.215 1    
40:   0.680 0.320 1    
41:   0.795 0.205 1    
42:   0.602 0.398 1    
43:   0.812 0.188 1    
44:   0.901 0.099 1    
45:   0.806 0.194 1    
46:   0.794 0.206 1    
47:   0.680 0.320 1    
48:   0.904 0.096 1    
49:   0.892 0.108 1    
50:   0.722 0.278 1    
51:   0.824 0.176 1    
52:   0.669 0.331 1    
53:   0.605 0.395 1    
54:   0.314 0.686 1    
55:   0.461 0.539 1    
56:   0.263 0.737 1    
57:   0.479 0.521 1    
58:   0.819 0.181 1    
59:   0.121 0.879 1    
60:   0.919 0.081 1    
61:   0.558 0.442 1    
62:   0.691 0.309 1    
63:   0.753 0.247 1    
64:   0.092 0.908 1    
65:   0.880 0.120 1    
66:   0.379 0.621 1    
67:   0.159 0.841 1    
68:   0.409 0.591 1    
69:   0.526 0.474 1    
70:   0.713 0.287 1    
71:   0.805 0.195 1    
72:   0.165 0.835 1    
73:   0.162 0.838 1    
74:   0.794 0.206 1    
75:   0.696 0.304 1    
76:   0.789 0.211 1    
77:   0.841 0.159 1    
78:   0.765 0.235 1    
79:   0.614 0.386 1    
80:   0.837 0.163 1    
81:   0.621 0.379 1    
82:   0.642 0.358 1    
83:   0.557 0.443 1    
84:   0.827 0.173 1    
85:   0.087 0.913 1    
86:   0.817 0.183 1    
87:   0.223 0.777 1    
88:   0.855 0.145 1    
89:   0.692 0.308 1    
90:   0.623 0.377 1    
91:   0.790 0.210 1    
92:   0.690 0.310 1    
93:   0.852 0.148 1    
94:   0.659 0.341 1    
95:   0.521 0.479 1    
96:   0.335 0.665 1    
97:   0.186 0.814 1    
98:   0.815 0.185 1    
99:   0.864 0.136 1    
100:  0.705 0.295 1    
101:  0.763 0.237 1    
102:  0.443 0.557 1    
103:  0.569 0.431 1    
104:  0.266 0.734 1    
105:  0.805 0.195 1    
106:  0.109 0.891 1    
107:  0.570 0.430 1    
108:  0.908 0.092 1    
109:  0.713 0.287 1    
110:  0.715 0.285 1    
111:  0.824 0.176 1    
112:  0.795 0.205 1    
113:  0.681 0.319 1    
114:  0.144 0.856 1    
115:  0.822 0.178 1    
116:  0.683 0.317 1    
117:  0.086 0.914 1    
118:  0.068 0.932 1    
119:  0.154 0.846 1    
120:  0.113 0.887 1    
121:  0.055 0.945 1    
122:  0.108 0.892 1    
123:  0.213 0.787 1    
124:  0.191 0.809 1    
125:  0.096 0.904 1    
126:  0.117 0.883 1    
127:  0.075 0.925 1    
128:  0.073 0.927 1    
129:  0.154 0.846 1    
130:  0.107 0.893 1    
131:  0.108 0.892 1    
132:  0.135 0.865 1    
133:  0.265 0.735 1    
134:  0.064 0.936 1    
135:  0.211 0.789 1    
136:  0.265 0.735 1    
           
           
1:    0.750 0.250 1    
2:    0.684 0.316 1    
3:    0.253 0.747 1    
4:    0.664 0.336 1    
5:    0.834 0.166 1    
6:    0.591 0.409 1    
7:    0.287 0.713 1    
8:    0.874 0.126 1    
9:    0.616 0.384 1    
10:   0.868 0.132 1    
11:   0.794 0.206 1    
12:   0.596 0.404 1    
13:   0.227 0.773 1    
14:   0.930 0.070 1    
15:   0.566 0.434 1    
16:   0.905 0.095 1    
17:   0.242 0.758 1    
18:   0.857 0.143 1    
19:   0.760 0.240 1    
20:   0.762 0.238 1    
21:   0.765 0.235 1    
22:   0.175 0.825 1    
23:   0.146 0.854 1    
24:   0.762 0.238 1    
25:   0.690 0.310 1    
26:   0.170 0.830 1    
27:   0.715 0.285 1    
28:   0.715 0.285 1    
29:   0.792 0.208 1    
30:   0.457 0.543 1    
31:   0.871 0.129 1    
32:   0.876 0.124 1    
33:   0.476 0.524 1    
34:   0.611 0.389 1    
35:   0.431 0.569 1    
36:   0.664 0.336 1    
37:   0.423 0.577 1    
38:   0.239 0.761 1    
39:   0.785 0.215 1    
40:   0.681 0.319 1    
41:   0.792 0.208 1    
42:   0.605 0.395 1    
43:   0.803 0.197 1    
44:   0.900 0.100 1    
45:   0.804 0.196 1    
46:   0.786 0.214 1    
47:   0.677 0.323 1    
48:   0.901 0.099 1    
49:   0.891 0.109 1    
50:   0.716 0.284 1    
51:   0.822 0.178 1    
52:   0.665 0.335 1    
53:   0.597 0.403 1    
54:   0.316 0.684 1    
55:   0.457 0.543 1    
56:   0.264 0.736 1    
57:   0.486 0.514 1    
58:   0.813 0.187 1    
59:   0.127 0.873 1    
60:   0.917 0.083 1    
61:   0.558 0.442 1    
62:   0.683 0.317 1    
63:   0.753 0.247 1    
64:   0.095 0.905 1    
65:   0.879 0.121 1    
66:   0.374 0.626 1    
67:   0.159 0.841 1    
68:   0.395 0.605 1    
69:   0.516 0.484 1    
70:   0.707 0.293 1    
71:   0.797 0.203 1    
72:   0.173 0.827 1    
73:   0.163 0.837 1    
74:   0.782 0.218 1    
75:   0.685 0.315 1    
76:   0.780 0.220 1    
77:   0.839 0.161 1    
78:   0.771 0.229 1    
79:   0.612 0.388 1    
80:   0.832 0.168 1    
81:   0.611 0.389 1    
82:   0.647 0.353 1    
83:   0.559 0.441 1    
84:   0.820 0.180 1    
85:   0.089 0.911 1    
86:   0.815 0.185 1    
87:   0.226 0.774 1    
88:   0.849 0.151 1    
89:   0.684 0.316 1    
90:   0.617 0.383 1    
91:   0.787 0.213 1    
92:   0.690 0.310 1    
93:   0.846 0.154 1    
94:   0.657 0.343 1    
95:   0.530 0.470 1    
96:   0.337 0.663 1    
97:   0.195 0.805 1    
98:   0.809 0.191 1    
99:   0.858 0.142 1    
100:  0.704 0.296 1    
101:  0.760 0.240 1    
102:  0.444 0.556 1    
103:  0.571 0.429 1    
104:  0.265 0.735 1    
105:  0.797 0.203 1    
106:  0.110 0.890 1    
107:  0.570 0.430 1    
108:  0.905 0.095 1    
109:  0.713 0.287 1    
110:  0.710 0.290 1    
111:  0.818 0.182 1    
112:  0.791 0.209 1    
113:  0.676 0.324 1    
114:  0.146 0.854 1    
115:  0.820 0.180 1    
116:  0.679 0.321 1    
117:  0.089 0.911 1    
118:  0.070 0.930 1    
119:  0.158 0.842 1    
120:  0.117 0.883 1    
121:  0.057 0.943 1    
122:  0.114 0.886 1    
123:  0.220 0.780 1    
124:  0.192 0.808 1    
125:  0.097 0.903 1    
126:  0.121 0.879 1    
127:  0.077 0.923 1    
128:  0.076 0.924 1    
129:  0.158 0.842 1    
130:  0.108 0.892 1    
131:  0.112 0.888 1    
132:  0.138 0.862 1    
133:  0.274 0.726 1    
134:  0.065 0.935 1    
135:  0.215 0.785 1    
136:  0.268 0.732 1    
           
           
1:    0.740 0.260 1    
2:    0.686 0.314 1    
3:    0.260 0.740 1    
4:    0.669 0.331 1    
5:    0.835 0.165 1    
6:    0.599 0.401 1    
7:    0.285 0.715 1    
8:    0.873 0.127 1    
9:    0.612 0.388 1    
10:   0.866 0.134 1    
11:   0.796 0.204 1    
12:   0.600 0.400 1    
13:   0.229 0.771 1    
14:   0.931 0.069 1    
15:   0.569 0.431 1    
16:   0.907 0.093 1    
17:   0.235 0.765 1    
18:   0.859 0.141 1    
19:   0.767 0.233 1    
20:   0.759 0.241 1    
21:   0.777 0.223 1    
22:   0.171 0.829 1    
23:   0.141 0.859 1    
24:   0.763 0.237 1    
25:   0.689 0.311 1    
26:   0.166 0.834 1    
27:   0.712 0.288 1    
28:   0.717 0.283 1    
29:   0.794 0.206 1    
30:   0.454 0.546 1    
31:   0.870 0.130 1    
32:   0.879 0.121 1    
33:   0.491 0.509 1    
34:   0.618 0.382 1    
35:   0.437 0.563 1    
36:   0.661 0.339 1    
37:   0.413 0.587 1    
38:   0.232 0.768 1    
39:   0.784 0.216 1    
40:   0.688 0.312 1    
41:   0.791 0.209 1    
42:   0.601 0.399 1    
43:   0.811 0.189 1    
44:   0.900 0.100 1    
45:   0.803 0.197 1    
46:   0.796 0.204 1    
47:   0.675 0.325 1    
48:   0.904 0.096 1    
49:   0.891 0.109 1    
50:   0.720 0.280 1    
51:   0.815 0.185 1    
52:   0.669 0.331 1    
53:   0.594 0.406 1    
54:   0.310 0.690 1    
55:   0.459 0.541 1    
56:   0.259 0.741 1    
57:   0.479 0.521 1    
58:   0.815 0.185 1    
59:   0.125 0.875 1    
60:   0.917 0.083 1    
61:   0.553 0.447 1    
62:   0.689 0.311 1    
63:   0.753 0.247 1    
64:   0.094 0.906 1    
65:   0.878 0.122 1    
66:   0.375 0.625 1    
67:   0.160 0.840 1    
68:   0.399 0.601 1    
69:   0.513 0.487 1    
70:   0.707 0.293 1    
71:   0.801 0.199 1    
72:   0.170 0.830 1    
73:   0.170 0.830 1    
74:   0.790 0.210 1    
75:   0.692 0.308 1    
76:   0.785 0.215 1    
77:   0.836 0.164 1    
78:   0.757 0.243 1    
79:   0.609 0.391 1    
80:   0.833 0.167 1    
81:   0.614 0.386 1    
82:   0.648 0.352 1    
83:   0.556 0.444 1    
84:   0.823 0.177 1    
85:   0.088 0.912 1    
86:   0.814 0.186 1    
87:   0.229 0.771 1    
88:   0.851 0.149 1    
89:   0.689 0.311 1    
90:   0.625 0.375 1    
91:   0.790 0.210 1    
92:   0.687 0.313 1    
93:   0.850 0.150 1    
94:   0.655 0.345 1    
95:   0.523 0.477 1    
96:   0.331 0.669 1    
97:   0.188 0.812 1    
98:   0.814 0.186 1    
99:   0.864 0.136 1    
100:  0.702 0.298 1    
101:  0.762 0.238 1    
102:  0.439 0.561 1    
103:  0.572 0.428 1    
104:  0.269 0.731 1    
105:  0.803 0.197 1    
106:  0.111 0.889 1    
107:  0.568 0.432 1    
108:  0.906 0.094 1    
109:  0.707 0.293 1    
110:  0.711 0.289 1    
111:  0.820 0.180 1    
112:  0.792 0.208 1    
113:  0.678 0.322 1    
114:  0.148 0.852 1    
115:  0.822 0.178 1    
116:  0.681 0.319 1    
117:  0.087 0.913 1    
118:  0.069 0.931 1    
119:  0.155 0.845 1    
120:  0.114 0.886 1    
121:  0.056 0.944 1    
122:  0.110 0.890 1    
123:  0.216 0.784 1    
124:  0.191 0.809 1    
125:  0.098 0.902 1    
126:  0.119 0.881 1    
127:  0.075 0.925 1    
128:  0.075 0.925 1    
129:  0.157 0.843 1    
130:  0.109 0.891 1    
131:  0.110 0.890 1    
132:  0.137 0.863 1    
133:  0.272 0.728 1    
134:  0.065 0.935 1    
135:  0.207 0.793 1    
136:  0.261 0.739 1    
           
           
1:    0.746 0.254 1    
2:    0.697 0.303 1    
3:    0.256 0.744 1    
4:    0.673 0.327 1    
5:    0.840 0.160 1    
6:    0.600 0.400 1    
7:    0.279 0.721 1    
8:    0.879 0.121 1    
9:    0.616 0.384 1    
10:   0.870 0.130 1    
11:   0.802 0.198 1    
12:   0.600 0.400 1    
13:   0.225 0.775 1    
14:   0.933 0.067 1    
15:   0.571 0.429 1    
16:   0.909 0.091 1    
17:   0.237 0.763 1    
18:   0.862 0.138 1    
19:   0.770 0.230 1    
20:   0.765 0.235 1    
21:   0.778 0.222 1    
22:   0.172 0.828 1    
23:   0.143 0.857 1    
24:   0.770 0.230 1    
25:   0.695 0.305 1    
26:   0.165 0.835 1    
27:   0.716 0.284 1    
28:   0.721 0.279 1    
29:   0.797 0.203 1    
30:   0.457 0.543 1    
31:   0.874 0.126 1    
32:   0.883 0.117 1    
33:   0.486 0.514 1    
34:   0.622 0.378 1    
35:   0.448 0.552 1    
36:   0.665 0.335 1    
37:   0.414 0.586 1    
38:   0.232 0.768 1    
39:   0.788 0.212 1    
40:   0.685 0.315 1    
41:   0.796 0.204 1    
42:   0.608 0.392 1    
43:   0.810 0.190 1    
44:   0.901 0.099 1    
45:   0.805 0.195 1    
46:   0.795 0.205 1    
47:   0.683 0.317 1    
48:   0.905 0.095 1    
49:   0.893 0.107 1    
50:   0.726 0.274 1    
51:   0.822 0.178 1    
52:   0.671 0.329 1    
53:   0.598 0.402 1    
54:   0.311 0.689 1    
55:   0.451 0.549 1    
56:   0.259 0.741 1    
57:   0.485 0.515 1    
58:   0.819 0.181 1    
59:   0.121 0.879 1    
60:   0.920 0.080 1    
61:   0.556 0.444 1    
62:   0.693 0.307 1    
63:   0.755 0.245 1    
64:   0.090 0.910 1    
65:   0.882 0.118 1    
66:   0.376 0.624 1    
67:   0.154 0.846 1    
68:   0.402 0.598 1    
69:   0.519 0.481 1    
70:   0.711 0.289 1    
71:   0.804 0.196 1    
72:   0.168 0.832 1    
73:   0.159 0.841 1    
74:   0.789 0.211 1    
75:   0.693 0.307 1    
76:   0.790 0.210 1    
77:   0.843 0.157 1    
78:   0.769 0.231 1    
79:   0.611 0.389 1    
80:   0.836 0.164 1    
81:   0.622 0.378 1    
82:   0.645 0.355 1    
83:   0.554 0.446 1    
84:   0.829 0.171 1    
85:   0.084 0.916 1    
86:   0.818 0.182 1    
87:   0.223 0.777 1    
88:   0.851 0.149 1    
89:   0.692 0.308 1    
90:   0.628 0.372 1    
91:   0.793 0.207 1    
92:   0.690 0.310 1    
93:   0.852 0.148 1    
94:   0.662 0.338 1    
95:   0.519 0.481 1    
96:   0.335 0.665 1    
97:   0.185 0.815 1    
98:   0.816 0.184 1    
99:   0.866 0.134 1    
100:  0.702 0.298 1    
101:  0.764 0.236 1    
102:  0.442 0.558 1    
103:  0.564 0.436 1    
104:  0.273 0.727 1    
105:  0.807 0.193 1    
106:  0.106 0.894 1    
107:  0.575 0.425 1    
108:  0.907 0.093 1    
109:  0.711 0.289 1    
110:  0.717 0.283 1    
111:  0.823 0.177 1    
112:  0.796 0.204 1    
113:  0.680 0.320 1    
114:  0.145 0.855 1    
115:  0.822 0.178 1    
116:  0.686 0.314 1    
117:  0.086 0.914 1    
118:  0.068 0.932 1    
119:  0.154 0.846 1    
120:  0.112 0.888 1    
121:  0.055 0.945 1    
122:  0.109 0.891 1    
123:  0.215 0.785 1    
124:  0.189 0.811 1    
125:  0.095 0.905 1    
126:  0.116 0.884 1    
127:  0.074 0.926 1    
128:  0.073 0.927 1    
129:  0.153 0.847 1    
130:  0.107 0.893 1    
131:  0.109 0.891 1    
132:  0.134 0.866 1    
133:  0.274 0.726 1    
134:  0.064 0.936 1    
135:  0.211 0.789 1    
136:  0.261 0.739 1    
