1:    0.177 0.221 0.359 0.242 1    
2:    0.302 0.199 0.295 0.204 1    
3:    0.226 0.291 0.195 0.288 1    
4:    0.340 0.202 0.262 0.196 1    
5:    0.185 0.215 0.378 0.222 1    
6:    0.288 0.251 0.231 0.230 1    
7:    0.197 0.350 0.181 0.272 1    
8:    0.311 0.137 0.349 0.202 1    
9:    0.186 0.243 0.308 0.263 1    
10:   0.283 0.166 0.345 0.207 1    
11:   0.407 0.105 0.296 0.191 1    
12:   0.205 0.283 0.301 0.211 1    
13:   0.273 0.282 0.202 0.243 1    
14:   0.284 0.145 0.376 0.195 1    
15:   0.320 0.184 0.254 0.242 1    
16:   0.238 0.188 0.359 0.215 1    
17:   0.241 0.259 0.220 0.279 1    
18:   0.346 0.131 0.321 0.202 1    
19:   0.444 0.085 0.295 0.176 1    
20:   0.336 0.158 0.299 0.207 1    
21:   0.459 0.085 0.289 0.167 1    
22:   0.208 0.264 0.173 0.355 1    
23:   0.146 0.429 0.158 0.267 1    
24:   0.199 0.230 0.351 0.219 1    
25:   0.197 0.247 0.336 0.220 1    
26:   0.207 0.263 0.172 0.358 1    
27:   0.219 0.222 0.288 0.270 1    
28:   0.380 0.120 0.284 0.215 1    
29:   0.281 0.185 0.320 0.215 1    
30:   0.259 0.242 0.223 0.276 1    
31:   0.344 0.125 0.336 0.195 1    
32:   0.331 0.131 0.345 0.193 1    
33:   0.321 0.227 0.232 0.221 1    
34:   0.326 0.201 0.261 0.213 1    
35:   0.221 0.221 0.221 0.336 1    
36:   0.173 0.229 0.350 0.248 1    
37:   0.232 0.199 0.193 0.376 1    
38:   0.214 0.293 0.176 0.317 1    
39:   0.194 0.213 0.353 0.240 1    
40:   0.337 0.187 0.268 0.208 1    
41:   0.208 0.209 0.338 0.245 1    
42:   0.171 0.247 0.341 0.241 1    
43:   0.498 0.057 0.301 0.144 1    
44:   0.281 0.151 0.369 0.199 1    
45:   0.214 0.212 0.339 0.235 1    
46:   0.494 0.062 0.299 0.146 1    
47:   0.247 0.197 0.267 0.289 1    
48:   0.251 0.177 0.355 0.216 1    
49:   0.306 0.141 0.332 0.220 1    
50:   0.383 0.138 0.299 0.179 1    
51:   0.175 0.216 0.379 0.231 1    
52:   0.270 0.224 0.272 0.234 1    
53:   0.207 0.238 0.262 0.293 1    
54:   0.294 0.209 0.244 0.253 1    
55:   0.281 0.294 0.225 0.200 1    
56:   0.180 0.418 0.181 0.221 1    
57:   0.224 0.307 0.229 0.240 1    
58:   0.274 0.172 0.294 0.260 1    
59:   0.183 0.331 0.170 0.316 1    
60:   0.331 0.128 0.349 0.193 1    
61:   0.314 0.196 0.250 0.240 1    
62:   0.410 0.134 0.290 0.166 1    
63:   0.376 0.122 0.307 0.195 1    
64:   0.166 0.431 0.150 0.253 1    
65:   0.180 0.206 0.385 0.228 1    
66:   0.293 0.210 0.235 0.262 1    
67:   0.131 0.501 0.158 0.210 1    
68:   0.271 0.305 0.216 0.208 1    
69:   0.168 0.271 0.310 0.250 1    
70:   0.179 0.237 0.355 0.229 1    
71:   0.269 0.190 0.326 0.214 1    
72:   0.198 0.284 0.168 0.350 1    
73:   0.131 0.504 0.156 0.208 1    
74:   0.439 0.092 0.303 0.166 1    
75:   0.368 0.166 0.276 0.191 1    
76:   0.186 0.223 0.354 0.237 1    
77:   0.177 0.216 0.374 0.233 1    
78:   0.350 0.130 0.288 0.232 1    
79:   0.326 0.175 0.276 0.223 1    
80:   0.210 0.209 0.362 0.219 1    
81:   0.256 0.233 0.261 0.250 1    
82:   0.350 0.156 0.262 0.231 1    
83:   0.214 0.226 0.238 0.322 1    
84:   0.193 0.214 0.369 0.223 1    
85:   0.109 0.534 0.145 0.212 1    
86:   0.231 0.195 0.317 0.257 1    
87:   0.183 0.339 0.178 0.299 1    
88:   0.382 0.131 0.306 0.181 1    
89:   0.369 0.128 0.286 0.217 1    
90:   0.184 0.249 0.336 0.231 1    
91:   0.281 0.178 0.291 0.249 1    
92:   0.198 0.261 0.311 0.230 1    
93:   0.339 0.148 0.303 0.210 1    
94:   0.216 0.249 0.303 0.232 1    
95:   0.252 0.232 0.234 0.283 1    
96:   0.240 0.246 0.199 0.315 1    
97:   0.152 0.454 0.156 0.238 1    
98:   0.217 0.207 0.338 0.238 1    
99:   0.264 0.180 0.345 0.211 1    
100:  0.252 0.213 0.300 0.236 1    
101:  0.303 0.173 0.290 0.234 1    
102:  0.196 0.285 0.248 0.270 1    
103:  0.354 0.183 0.244 0.219 1    
104:  0.178 0.392 0.174 0.257 1    
105:  0.179 0.223 0.375 0.223 1    
106:  0.158 0.444 0.146 0.252 1    
107:  0.219 0.231 0.254 0.295 1    
108:  0.267 0.166 0.364 0.203 1    
109:  0.190 0.226 0.342 0.241 1    
110:  0.191 0.238 0.325 0.245 1    
111:  0.400 0.111 0.311 0.179 1    
112:  0.415 0.113 0.293 0.180 1    
113:  0.255 0.225 0.272 0.248 1    
114:  0.209 0.317 0.183 0.291 1    
115:  0.237 0.203 0.323 0.237 1    
116:  0.334 0.175 0.283 0.207 1    
117:  0.168 0.402 0.137 0.294 1    
118:  0.140 0.478 0.120 0.262 1    
119:  0.206 0.334 0.162 0.298 1    
120:  0.180 0.375 0.154 0.291 1    
121:  0.123 0.512 0.118 0.248 1    
122:  0.153 0.452 0.133 0.262 1    
123:  0.215 0.299 0.174 0.312 1    
124:  0.167 0.407 0.170 0.255 1    
125:  0.132 0.496 0.138 0.234 1    
126:  0.148 0.461 0.133 0.258 1    
127:  0.137 0.486 0.126 0.250 1    
128:  0.139 0.487 0.130 0.244 1    
129:  0.167 0.395 0.143 0.295 1    
130:  0.124 0.524 0.128 0.223 1    
131:  0.192 0.326 0.148 0.333 1    
132:  0.163 0.414 0.147 0.277 1    
133:  0.215 0.231 0.172 0.381 1    
134:  0.121 0.519 0.121 0.240 1    
135:  0.186 0.386 0.169 0.258 1    
136:  0.177 0.360 0.174 0.289 1    
                 
                 
1:    0.306 0.087 0.434 0.172 1    
2:    0.358 0.167 0.305 0.170 1    
3:    0.187 0.355 0.148 0.311 1    
4:    0.322 0.195 0.308 0.175 1    
5:    0.320 0.067 0.454 0.159 1    
6:    0.278 0.260 0.241 0.221 1    
7:    0.137 0.397 0.126 0.340 1    
8:    0.406 0.076 0.391 0.128 1    
9:    0.271 0.166 0.363 0.200 1    
10:   0.374 0.083 0.402 0.141 1    
11:   0.446 0.071 0.376 0.108 1    
12:   0.271 0.204 0.347 0.178 1    
13:   0.209 0.327 0.171 0.293 1    
14:   0.408 0.045 0.425 0.122 1    
15:   0.302 0.215 0.256 0.226 1    
16:   0.338 0.064 0.446 0.151 1    
17:   0.209 0.318 0.170 0.303 1    
18:   0.426 0.070 0.384 0.120 1    
19:   0.460 0.055 0.392 0.093 1    
20:   0.381 0.135 0.332 0.152 1    
21:   0.459 0.059 0.394 0.088 1    
22:   0.162 0.360 0.119 0.359 1    
23:   0.094 0.475 0.088 0.344 1    
24:   0.325 0.107 0.411 0.157 1    
25:   0.301 0.134 0.398 0.166 1    
26:   0.148 0.387 0.109 0.356 1    
27:   0.270 0.180 0.318 0.231 1    
28:   0.413 0.095 0.364 0.128 1    
29:   0.360 0.111 0.372 0.157 1    
30:   0.220 0.285 0.204 0.291 1    
31:   0.427 0.071 0.384 0.118 1    
32:   0.430 0.058 0.396 0.117 1    
33:   0.239 0.298 0.218 0.245 1    
34:   0.378 0.158 0.309 0.155 1    
35:   0.213 0.296 0.211 0.280 1    
36:   0.302 0.096 0.430 0.172 1    
37:   0.190 0.314 0.143 0.354 1    
38:   0.143 0.369 0.105 0.383 1    
39:   0.316 0.091 0.427 0.166 1    
40:   0.323 0.164 0.337 0.176 1    
41:   0.312 0.103 0.410 0.174 1    
42:   0.291 0.119 0.416 0.174 1    
43:   0.488 0.034 0.413 0.065 1    
44:   0.404 0.057 0.416 0.123 1    
45:   0.316 0.098 0.415 0.171 1    
46:   0.483 0.038 0.409 0.069 1    
47:   0.285 0.213 0.275 0.227 1    
48:   0.361 0.061 0.432 0.146 1    
49:   0.411 0.067 0.392 0.130 1    
50:   0.430 0.099 0.357 0.114 1    
51:   0.317 0.061 0.461 0.161 1    
52:   0.268 0.247 0.259 0.225 1    
53:   0.234 0.220 0.270 0.276 1    
54:   0.267 0.256 0.217 0.259 1    
55:   0.232 0.327 0.205 0.237 1    
56:   0.123 0.453 0.101 0.323 1    
57:   0.202 0.338 0.197 0.264 1    
58:   0.330 0.154 0.316 0.200 1    
59:   0.105 0.434 0.074 0.386 1    
60:   0.434 0.051 0.403 0.112 1    
61:   0.274 0.257 0.238 0.231 1    
62:   0.453 0.080 0.373 0.094 1    
63:   0.412 0.115 0.339 0.134 1    
64:   0.088 0.460 0.056 0.396 1    
65:   0.323 0.059 0.458 0.160 1    
66:   0.260 0.252 0.214 0.274 1    
67:   0.055 0.551 0.044 0.350 1    
68:   0.214 0.350 0.181 0.254 1    
69:   0.272 0.169 0.383 0.176 1    
70:   0.304 0.096 0.431 0.169 1    
71:   0.338 0.107 0.392 0.163 1    
72:   0.128 0.376 0.098 0.398 1    
73:   0.054 0.555 0.042 0.350 1    
74:   0.462 0.061 0.386 0.092 1    
75:   0.405 0.128 0.339 0.129 1    
76:   0.306 0.095 0.425 0.173 1    
77:   0.313 0.072 0.449 0.166 1    
78:   0.402 0.127 0.320 0.152 1    
79:   0.326 0.204 0.274 0.196 1    
80:   0.324 0.077 0.445 0.154 1    
81:   0.285 0.218 0.285 0.212 1    
82:   0.341 0.175 0.296 0.188 1    
83:   0.213 0.267 0.224 0.296 1    
84:   0.324 0.082 0.435 0.159 1    
85:   0.041 0.576 0.026 0.356 1    
86:   0.311 0.135 0.368 0.186 1    
87:   0.128 0.392 0.118 0.362 1    
88:   0.412 0.085 0.389 0.114 1    
89:   0.413 0.111 0.338 0.138 1    
90:   0.295 0.116 0.422 0.167 1    
91:   0.329 0.140 0.345 0.187 1    
92:   0.274 0.195 0.327 0.204 1    
93:   0.370 0.094 0.387 0.148 1    
94:   0.270 0.155 0.369 0.206 1    
95:   0.238 0.273 0.189 0.300 1    
96:   0.186 0.325 0.146 0.342 1    
97:   0.087 0.485 0.063 0.366 1    
98:   0.312 0.117 0.391 0.180 1    
99:   0.356 0.068 0.431 0.144 1    
100:  0.286 0.151 0.366 0.197 1    
101:  0.373 0.122 0.351 0.154 1    
102:  0.222 0.241 0.277 0.260 1    
103:  0.290 0.244 0.251 0.215 1    
104:  0.132 0.435 0.122 0.311 1    
105:  0.315 0.073 0.452 0.160 1    
106:  0.086 0.473 0.058 0.383 1    
107:  0.240 0.226 0.269 0.266 1    
108:  0.382 0.062 0.424 0.132 1    
109:  0.295 0.100 0.424 0.181 1    
110:  0.283 0.147 0.371 0.199 1    
111:  0.455 0.069 0.377 0.099 1    
112:  0.399 0.123 0.351 0.127 1    
113:  0.275 0.212 0.298 0.214 1    
114:  0.128 0.407 0.099 0.366 1    
115:  0.309 0.101 0.420 0.170 1    
116:  0.366 0.154 0.311 0.169 1    
117:  0.087 0.442 0.057 0.414 1    
118:  0.070 0.483 0.040 0.407 1    
119:  0.132 0.388 0.097 0.382 1    
120:  0.099 0.427 0.068 0.406 1    
121:  0.052 0.518 0.032 0.398 1    
122:  0.083 0.464 0.057 0.397 1    
123:  0.136 0.363 0.107 0.393 1    
124:  0.112 0.425 0.093 0.369 1    
125:  0.062 0.515 0.041 0.382 1    
126:  0.077 0.471 0.051 0.402 1    
127:  0.067 0.489 0.039 0.405 1    
128:  0.065 0.506 0.039 0.389 1    
129:  0.090 0.443 0.069 0.397 1    
130:  0.052 0.528 0.038 0.382 1    
131:  0.115 0.415 0.084 0.385 1    
132:  0.086 0.449 0.064 0.401 1    
133:  0.147 0.342 0.113 0.398 1    
134:  0.052 0.519 0.033 0.396 1    
135:  0.128 0.434 0.095 0.343 1    
136:  0.114 0.446 0.095 0.344 1    
                 
                 
1:    0.177 0.221 0.359 0.242 1    
2:    0.302 0.199 0.295 0.204 1    
3:    0.226 0.291 0.195 0.288 1    
4:    0.340 0.202 0.262 0.196 1    
5:    0.185 0.215 0.378 0.222 1    
6:    0.288 0.251 0.231 0.230 1    
7:    0.197 0.350 0.181 0.272 1    
8:    0.311 0.137 0.349 0.202 1    
9:    0.186 0.243 0.308 0.263 1    
10:   0.283 0.166 0.345 0.207 1    
11:   0.407 0.105 0.296 0.191 1    
12:   0.205 0.283 0.301 0.211 1    
13:   0.273 0.282 0.202 0.243 1    
14:   0.284 0.145 0.376 0.195 1    
15:   0.320 0.184 0.254 0.242 1    
16:   0.238 0.188 0.359 0.215 1    
17:   0.241 0.259 0.220 0.279 1    
18:   0.346 0.131 0.321 0.202 1    
19:   0.444 0.085 0.295 0.176 1    
20:   0.336 0.158 0.299 0.207 1    
21:   0.459 0.085 0.289 0.167 1    
22:   0.208 0.264 0.173 0.355 1    
23:   0.146 0.429 0.158 0.267 1    
24:   0.199 0.230 0.351 0.219 1    
25:   0.197 0.247 0.336 0.220 1    
26:   0.207 0.263 0.172 0.358 1    
27:   0.219 0.222 0.288 0.270 1    
28:   0.380 0.120 0.284 0.215 1    
29:   0.281 0.185 0.320 0.215 1    
30:   0.259 0.242 0.223 0.276 1    
31:   0.344 0.125 0.336 0.195 1    
32:   0.331 0.131 0.345 0.193 1    
33:   0.321 0.227 0.232 0.221 1    
34:   0.326 0.201 0.261 0.213 1    
35:   0.221 0.221 0.221 0.336 1    
36:   0.173 0.229 0.350 0.248 1    
37:   0.232 0.199 0.193 0.376 1    
38:   0.214 0.293 0.176 0.317 1    
39:   0.194 0.213 0.353 0.240 1    
40:   0.337 0.187 0.268 0.208 1    
41:   0.208 0.209 0.338 0.245 1    
42:   0.171 0.247 0.341 0.241 1    
43:   0.498 0.057 0.301 0.144 1    
44:   0.281 0.151 0.369 0.199 1    
45:   0.214 0.212 0.339 0.235 1    
46:   0.494 0.062 0.299 0.146 1    
47:   0.247 0.197 0.267 0.289 1    
48:   0.251 0.177 0.355 0.216 1    
49:   0.306 0.141 0.332 0.220 1    
50:   0.383 0.138 0.299 0.179 1    
51:   0.175 0.216 0.379 0.231 1    
52:   0.270 0.224 0.272 0.234 1    
53:   0.207 0.238 0.262 0.293 1    
54:   0.294 0.209 0.244 0.253 1    
55:   0.281 0.294 0.225 0.200 1    
56:   0.180 0.418 0.181 0.221 1    
57:   0.224 0.307 0.229 0.240 1    
58:   0.274 0.172 0.294 0.260 1    
59:   0.183 0.331 0.170 0.316 1    
60:   0.331 0.128 0.349 0.193 1    
61:   0.314 0.196 0.250 0.240 1    
62:   0.410 0.134 0.290 0.166 1    
63:   0.376 0.122 0.307 0.195 1    
64:   0.166 0.431 0.150 0.253 1    
65:   0.180 0.206 0.385 0.228 1    
66:   0.293 0.210 0.235 0.262 1    
67:   0.131 0.501 0.158 0.210 1    
68:   0.271 0.305 0.216 0.208 1    
69:   0.168 0.271 0.310 0.250 1    
70:   0.179 0.237 0.355 0.229 1    
71:   0.269 0.190 0.326 0.214 1    
72:   0.198 0.284 0.168 0.350 1    
73:   0.131 0.504 0.156 0.208 1    
74:   0.439 0.092 0.303 0.166 1    
75:   0.368 0.166 0.276 0.191 1    
76:   0.186 0.223 0.354 0.237 1    
77:   0.177 0.216 0.374 0.233 1    
78:   0.350 0.130 0.288 0.232 1    
79:   0.326 0.175 0.276 0.223 1    
80:   0.210 0.209 0.362 0.219 1    
81:   0.256 0.233 0.261 0.250 1    
82:   0.350 0.156 0.262 0.231 1    
83:   0.214 0.226 0.238 0.322 1    
84:   0.193 0.214 0.369 0.223 1    
85:   0.109 0.534 0.145 0.212 1    
86:   0.231 0.195 0.317 0.257 1    
87:   0.183 0.339 0.178 0.299 1    
88:   0.382 0.131 0.306 0.181 1    
89:   0.369 0.128 0.286 0.217 1    
90:   0.184 0.249 0.336 0.231 1    
91:   0.281 0.178 0.291 0.249 1    
92:   0.198 0.261 0.311 0.230 1    
93:   0.339 0.148 0.303 0.210 1    
94:   0.216 0.249 0.303 0.232 1    
95:   0.252 0.232 0.234 0.283 1    
96:   0.240 0.246 0.199 0.315 1    
97:   0.152 0.454 0.156 0.238 1    
98:   0.217 0.207 0.338 0.238 1    
99:   0.264 0.180 0.345 0.211 1    
100:  0.252 0.213 0.300 0.236 1    
101:  0.303 0.173 0.290 0.234 1    
102:  0.196 0.285 0.248 0.270 1    
103:  0.354 0.183 0.244 0.219 1    
104:  0.178 0.392 0.174 0.257 1    
105:  0.179 0.223 0.375 0.223 1    
106:  0.158 0.444 0.146 0.252 1    
107:  0.219 0.231 0.254 0.295 1    
108:  0.267 0.166 0.364 0.203 1    
109:  0.190 0.226 0.342 0.241 1    
110:  0.191 0.238 0.325 0.245 1    
111:  0.400 0.111 0.311 0.179 1    
112:  0.415 0.113 0.293 0.180 1    
113:  0.255 0.225 0.272 0.248 1    
114:  0.209 0.317 0.183 0.291 1    
115:  0.237 0.203 0.323 0.237 1    
116:  0.334 0.175 0.283 0.207 1    
117:  0.168 0.402 0.137 0.294 1    
118:  0.140 0.478 0.120 0.262 1    
119:  0.206 0.334 0.162 0.298 1    
120:  0.180 0.375 0.154 0.291 1    
121:  0.123 0.512 0.118 0.248 1    
122:  0.153 0.452 0.133 0.262 1    
123:  0.215 0.299 0.174 0.312 1    
124:  0.167 0.407 0.170 0.255 1    
125:  0.132 0.496 0.138 0.234 1    
126:  0.148 0.461 0.133 0.258 1    
127:  0.137 0.486 0.126 0.250 1    
128:  0.139 0.487 0.130 0.244 1    
129:  0.167 0.395 0.143 0.295 1    
130:  0.124 0.524 0.128 0.223 1    
131:  0.192 0.326 0.148 0.333 1    
132:  0.163 0.414 0.147 0.277 1    
133:  0.215 0.231 0.172 0.381 1    
134:  0.121 0.519 0.121 0.240 1    
135:  0.186 0.386 0.169 0.258 1    
136:  0.177 0.360 0.174 0.289 1    
                 
                 
1:    0.241 0.095 0.534 0.130 1    
2:    0.310 0.206 0.249 0.235 1    
3:    0.186 0.349 0.149 0.316 1    
4:    0.314 0.212 0.219 0.255 1    
5:    0.263 0.079 0.565 0.093 1    
6:    0.269 0.279 0.193 0.260 1    
7:    0.178 0.406 0.172 0.243 1    
8:    0.346 0.067 0.377 0.210 1    
9:    0.212 0.168 0.421 0.199 1    
10:   0.333 0.068 0.429 0.170 1    
11:   0.401 0.092 0.186 0.320 1    
12:   0.212 0.312 0.312 0.163 1    
13:   0.252 0.315 0.130 0.303 1    
14:   0.350 0.037 0.460 0.153 1    
15:   0.322 0.164 0.188 0.326 1    
16:   0.306 0.048 0.528 0.119 1    
17:   0.221 0.298 0.153 0.328 1    
18:   0.366 0.090 0.290 0.255 1    
19:   0.423 0.077 0.177 0.323 1    
20:   0.346 0.145 0.243 0.266 1    
21:   0.431 0.081 0.165 0.323 1    
22:   0.182 0.295 0.157 0.366 1    
23:   0.112 0.547 0.120 0.220 1    
24:   0.259 0.147 0.478 0.116 1    
25:   0.243 0.198 0.418 0.141 1    
26:   0.185 0.271 0.167 0.378 1    
27:   0.245 0.156 0.377 0.222 1    
28:   0.365 0.114 0.194 0.327 1    
29:   0.306 0.138 0.356 0.200 1    
30:   0.251 0.243 0.204 0.302 1    
31:   0.378 0.067 0.320 0.235 1    
32:   0.380 0.069 0.335 0.215 1    
33:   0.303 0.239 0.167 0.291 1    
34:   0.298 0.251 0.189 0.262 1    
35:   0.203 0.205 0.247 0.345 1    
36:   0.227 0.121 0.506 0.146 1    
37:   0.228 0.161 0.214 0.396 1    
38:   0.192 0.316 0.157 0.336 1    
39:   0.254 0.092 0.503 0.151 1    
40:   0.322 0.176 0.252 0.250 1    
41:   0.263 0.100 0.467 0.170 1    
42:   0.221 0.166 0.481 0.133 1    
43:   0.475 0.042 0.149 0.334 1    
44:   0.340 0.056 0.440 0.164 1    
45:   0.266 0.105 0.476 0.153 1    
46:   0.471 0.046 0.149 0.334 1    
47:   0.263 0.152 0.285 0.299 1    
48:   0.315 0.055 0.479 0.151 1    
49:   0.351 0.060 0.380 0.209 1    
50:   0.362 0.159 0.192 0.287 1    
51:   0.252 0.070 0.581 0.096 1    
52:   0.285 0.204 0.263 0.248 1    
53:   0.234 0.170 0.357 0.239 1    
54:   0.274 0.237 0.148 0.341 1    
55:   0.235 0.373 0.147 0.245 1    
56:   0.139 0.574 0.105 0.182 1    
57:   0.228 0.339 0.216 0.217 1    
58:   0.303 0.106 0.322 0.269 1    
59:   0.152 0.388 0.147 0.312 1    
60:   0.380 0.053 0.362 0.206 1    
61:   0.310 0.179 0.173 0.338 1    
62:   0.372 0.166 0.171 0.291 1    
63:   0.380 0.104 0.205 0.312 1    
64:   0.116 0.565 0.084 0.235 1    
65:   0.268 0.052 0.588 0.092 1    
66:   0.285 0.209 0.175 0.331 1    
67:   0.093 0.680 0.066 0.161 1    
68:   0.237 0.372 0.143 0.248 1    
69:   0.179 0.268 0.384 0.169 1    
70:   0.241 0.129 0.513 0.117 1    
71:   0.306 0.108 0.403 0.183 1    
72:   0.169 0.309 0.174 0.348 1    
73:   0.092 0.692 0.063 0.153 1    
74:   0.420 0.082 0.181 0.317 1    
75:   0.328 0.205 0.179 0.289 1    
76:   0.251 0.099 0.519 0.131 1    
77:   0.255 0.066 0.579 0.099 1    
78:   0.358 0.107 0.220 0.316 1    
79:   0.321 0.170 0.199 0.311 1    
80:   0.266 0.096 0.510 0.128 1    
81:   0.262 0.226 0.264 0.248 1    
82:   0.332 0.152 0.197 0.319 1    
83:   0.225 0.176 0.290 0.309 1    
84:   0.269 0.085 0.534 0.112 1    
85:   0.061 0.749 0.040 0.150 1    
86:   0.277 0.098 0.418 0.207 1    
87:   0.154 0.406 0.168 0.272 1    
88:   0.378 0.085 0.275 0.262 1    
89:   0.360 0.114 0.198 0.328 1    
90:   0.226 0.185 0.450 0.138 1    
91:   0.299 0.116 0.330 0.255 1    
92:   0.243 0.213 0.388 0.156 1    
93:   0.366 0.078 0.305 0.250 1    
94:   0.255 0.176 0.421 0.148 1    
95:   0.262 0.208 0.215 0.315 1    
96:   0.225 0.255 0.178 0.341 1    
97:   0.103 0.617 0.090 0.190 1    
98:   0.272 0.098 0.480 0.151 1    
99:   0.318 0.071 0.453 0.158 1    
100:  0.283 0.124 0.395 0.198 1    
101:  0.306 0.144 0.275 0.274 1    
102:  0.205 0.266 0.303 0.226 1    
103:  0.334 0.175 0.173 0.317 1    
104:  0.151 0.498 0.137 0.214 1    
105:  0.258 0.085 0.567 0.089 1    
106:  0.110 0.583 0.078 0.229 1    
107:  0.218 0.194 0.308 0.281 1    
108:  0.327 0.052 0.476 0.145 1    
109:  0.246 0.103 0.510 0.141 1    
110:  0.246 0.156 0.450 0.149 1    
111:  0.392 0.096 0.222 0.291 1    
112:  0.401 0.098 0.186 0.314 1    
113:  0.261 0.186 0.303 0.249 1    
114:  0.178 0.373 0.139 0.310 1    
115:  0.275 0.094 0.450 0.181 1    
116:  0.331 0.176 0.224 0.269 1    
117:  0.110 0.546 0.095 0.249 1    
118:  0.079 0.666 0.062 0.194 1    
119:  0.160 0.437 0.116 0.288 1    
120:  0.135 0.470 0.127 0.268 1    
121:  0.060 0.727 0.045 0.168 1    
122:  0.101 0.598 0.084 0.217 1    
123:  0.180 0.355 0.150 0.314 1    
124:  0.135 0.507 0.136 0.221 1    
125:  0.085 0.669 0.062 0.183 1    
126:  0.093 0.619 0.087 0.201 1    
127:  0.075 0.667 0.063 0.195 1    
128:  0.074 0.677 0.062 0.187 1    
129:  0.123 0.501 0.125 0.252 1    
130:  0.066 0.740 0.046 0.147 1    
131:  0.163 0.366 0.140 0.331 1    
132:  0.120 0.532 0.108 0.240 1    
133:  0.199 0.209 0.201 0.391 1    
134:  0.059 0.725 0.049 0.167 1    
135:  0.149 0.515 0.113 0.223 1    
136:  0.158 0.426 0.144 0.272 1    
                 
                 
1:    0.241 0.095 0.534 0.130 1    
2:    0.310 0.206 0.249 0.235 1    
3:    0.186 0.349 0.149 0.316 1    
4:    0.314 0.212 0.219 0.255 1    
5:    0.263 0.079 0.565 0.093 1    
6:    0.269 0.279 0.193 0.260 1    
7:    0.178 0.406 0.172 0.243 1    
8:    0.346 0.067 0.377 0.210 1    
9:    0.212 0.168 0.421 0.199 1    
10:   0.333 0.068 0.429 0.170 1    
11:   0.401 0.092 0.186 0.320 1    
12:   0.212 0.312 0.312 0.163 1    
13:   0.252 0.315 0.130 0.303 1    
14:   0.350 0.037 0.460 0.153 1    
15:   0.322 0.164 0.188 0.326 1    
16:   0.306 0.048 0.528 0.119 1    
17:   0.221 0.298 0.153 0.328 1    
18:   0.366 0.090 0.290 0.255 1    
19:   0.423 0.077 0.177 0.323 1    
20:   0.346 0.145 0.243 0.266 1    
21:   0.431 0.081 0.165 0.323 1    
22:   0.182 0.295 0.157 0.366 1    
23:   0.112 0.547 0.120 0.220 1    
24:   0.259 0.147 0.478 0.116 1    
25:   0.243 0.198 0.418 0.141 1    
26:   0.185 0.271 0.167 0.378 1    
27:   0.245 0.156 0.377 0.222 1    
28:   0.365 0.114 0.194 0.327 1    
29:   0.306 0.138 0.356 0.200 1    
30:   0.251 0.243 0.204 0.302 1    
31:   0.378 0.067 0.320 0.235 1    
32:   0.380 0.069 0.335 0.215 1    
33:   0.303 0.239 0.167 0.291 1    
34:   0.298 0.251 0.189 0.262 1    
35:   0.203 0.205 0.247 0.345 1    
36:   0.227 0.121 0.506 0.146 1    
37:   0.228 0.161 0.214 0.396 1    
38:   0.192 0.316 0.157 0.336 1    
39:   0.254 0.092 0.503 0.151 1    
40:   0.322 0.176 0.252 0.250 1    
41:   0.263 0.100 0.467 0.170 1    
42:   0.221 0.166 0.481 0.133 1    
43:   0.475 0.042 0.149 0.334 1    
44:   0.340 0.056 0.440 0.164 1    
45:   0.266 0.105 0.476 0.153 1    
46:   0.471 0.046 0.149 0.334 1    
47:   0.263 0.152 0.285 0.299 1    
48:   0.315 0.055 0.479 0.151 1    
49:   0.351 0.060 0.380 0.209 1    
50:   0.362 0.159 0.192 0.287 1    
51:   0.252 0.070 0.581 0.096 1    
52:   0.285 0.204 0.263 0.248 1    
53:   0.234 0.170 0.357 0.239 1    
54:   0.274 0.237 0.148 0.341 1    
55:   0.235 0.373 0.147 0.245 1    
56:   0.139 0.574 0.105 0.182 1    
57:   0.228 0.339 0.216 0.217 1    
58:   0.303 0.106 0.322 0.269 1    
59:   0.152 0.388 0.147 0.312 1    
60:   0.380 0.053 0.362 0.206 1    
61:   0.310 0.179 0.173 0.338 1    
62:   0.372 0.166 0.171 0.291 1    
63:   0.380 0.104 0.205 0.312 1    
64:   0.116 0.565 0.084 0.235 1    
65:   0.268 0.052 0.588 0.092 1    
66:   0.285 0.209 0.175 0.331 1    
67:   0.093 0.680 0.066 0.161 1    
68:   0.237 0.372 0.143 0.248 1    
69:   0.179 0.268 0.384 0.169 1    
70:   0.241 0.129 0.513 0.117 1    
71:   0.306 0.108 0.403 0.183 1    
72:   0.169 0.309 0.174 0.348 1    
73:   0.092 0.692 0.063 0.153 1    
74:   0.420 0.082 0.181 0.317 1    
75:   0.328 0.205 0.179 0.289 1    
76:   0.251 0.099 0.519 0.131 1    
77:   0.255 0.066 0.579 0.099 1    
78:   0.358 0.107 0.220 0.316 1    
79:   0.321 0.170 0.199 0.311 1    
80:   0.266 0.096 0.510 0.128 1    
81:   0.262 0.226 0.264 0.248 1    
82:   0.332 0.152 0.197 0.319 1    
83:   0.225 0.176 0.290 0.309 1    
84:   0.269 0.085 0.534 0.112 1    
85:   0.061 0.749 0.040 0.150 1    
86:   0.277 0.098 0.418 0.207 1    
87:   0.154 0.406 0.168 0.272 1    
88:   0.378 0.085 0.275 0.262 1    
89:   0.360 0.114 0.198 0.328 1    
90:   0.226 0.185 0.450 0.138 1    
91:   0.299 0.116 0.330 0.255 1    
92:   0.243 0.213 0.388 0.156 1    
93:   0.366 0.078 0.305 0.250 1    
94:   0.255 0.176 0.421 0.148 1    
95:   0.262 0.208 0.215 0.315 1    
96:   0.225 0.255 0.178 0.341 1    
97:   0.103 0.617 0.090 0.190 1    
98:   0.272 0.098 0.480 0.151 1    
99:   0.318 0.071 0.453 0.158 1    
100:  0.283 0.124 0.395 0.198 1    
101:  0.306 0.144 0.275 0.274 1    
102:  0.205 0.266 0.303 0.226 1    
103:  0.334 0.175 0.173 0.317 1    
104:  0.151 0.498 0.137 0.214 1    
105:  0.258 0.085 0.567 0.089 1    
106:  0.110 0.583 0.078 0.229 1    
107:  0.218 0.194 0.308 0.281 1    
108:  0.327 0.052 0.476 0.145 1    
109:  0.246 0.103 0.510 0.141 1    
110:  0.246 0.156 0.450 0.149 1    
111:  0.392 0.096 0.222 0.291 1    
112:  0.401 0.098 0.186 0.314 1    
113:  0.261 0.186 0.303 0.249 1    
114:  0.178 0.373 0.139 0.310 1    
115:  0.275 0.094 0.450 0.181 1    
116:  0.331 0.176 0.224 0.269 1    
117:  0.110 0.546 0.095 0.249 1    
118:  0.079 0.666 0.062 0.194 1    
119:  0.160 0.437 0.116 0.288 1    
120:  0.135 0.470 0.127 0.268 1    
121:  0.060 0.727 0.045 0.168 1    
122:  0.101 0.598 0.084 0.217 1    
123:  0.180 0.355 0.150 0.314 1    
124:  0.135 0.507 0.136 0.221 1    
125:  0.085 0.669 0.062 0.183 1    
126:  0.093 0.619 0.087 0.201 1    
127:  0.075 0.667 0.063 0.195 1    
128:  0.074 0.677 0.062 0.187 1    
129:  0.123 0.501 0.125 0.252 1    
130:  0.066 0.740 0.046 0.147 1    
131:  0.163 0.366 0.140 0.331 1    
132:  0.120 0.532 0.108 0.240 1    
133:  0.199 0.209 0.201 0.391 1    
134:  0.059 0.725 0.049 0.167 1    
135:  0.149 0.515 0.113 0.223 1    
136:  0.158 0.426 0.144 0.272 1    
                 
                 
1:    0.296 0.060 0.351 0.294 1    
2:    0.329 0.227 0.235 0.209 1    
3:    0.184 0.344 0.217 0.254 1    
4:    0.335 0.220 0.236 0.210 1    
5:    0.307 0.039 0.360 0.293 1    
6:    0.276 0.272 0.225 0.227 1    
7:    0.157 0.352 0.227 0.264 1    
8:    0.371 0.136 0.275 0.218 1    
9:    0.259 0.134 0.318 0.289 1    
10:   0.354 0.109 0.298 0.239 1    
11:   0.402 0.214 0.195 0.189 1    
12:   0.269 0.167 0.286 0.278 1    
13:   0.241 0.325 0.204 0.231 1    
14:   0.376 0.091 0.303 0.230 1    
15:   0.288 0.267 0.216 0.229 1    
16:   0.331 0.053 0.337 0.279 1    
17:   0.218 0.324 0.212 0.247 1    
18:   0.381 0.175 0.241 0.203 1    
19:   0.433 0.192 0.194 0.181 1    
20:   0.349 0.205 0.236 0.210 1    
21:   0.441 0.188 0.191 0.179 1    
22:   0.146 0.363 0.219 0.272 1    
23:   0.126 0.376 0.230 0.268 1    
24:   0.305 0.088 0.331 0.276 1    
25:   0.288 0.113 0.314 0.285 1    
26:   0.150 0.362 0.222 0.266 1    
27:   0.253 0.197 0.279 0.271 1    
28:   0.378 0.206 0.212 0.204 1    
29:   0.329 0.159 0.274 0.238 1    
30:   0.222 0.298 0.227 0.253 1    
31:   0.385 0.155 0.251 0.209 1    
32:   0.389 0.148 0.255 0.208 1    
33:   0.291 0.263 0.233 0.213 1    
34:   0.324 0.259 0.206 0.211 1    
35:   0.200 0.274 0.256 0.269 1    
36:   0.288 0.069 0.343 0.299 1    
37:   0.166 0.332 0.229 0.273 1    
38:   0.140 0.369 0.218 0.273 1    
39:   0.302 0.070 0.343 0.285 1    
40:   0.335 0.201 0.235 0.229 1    
41:   0.296 0.096 0.324 0.284 1    
42:   0.283 0.084 0.338 0.294 1    
43:   0.472 0.179 0.184 0.165 1    
44:   0.371 0.098 0.298 0.233 1    
45:   0.301 0.096 0.322 0.280 1    
46:   0.469 0.181 0.185 0.165 1    
47:   0.247 0.245 0.251 0.258 1    
48:   0.342 0.081 0.319 0.258 1    
49:   0.365 0.134 0.282 0.219 1    
50:   0.391 0.220 0.199 0.190 1    
51:   0.308 0.031 0.363 0.298 1    
52:   0.292 0.216 0.257 0.234 1    
53:   0.218 0.222 0.276 0.284 1    
54:   0.271 0.294 0.203 0.231 1    
55:   0.262 0.287 0.231 0.221 1    
56:   0.166 0.358 0.232 0.243 1    
57:   0.234 0.270 0.256 0.240 1    
58:   0.296 0.196 0.271 0.237 1    
59:   0.121 0.358 0.254 0.266 1    
60:   0.393 0.129 0.269 0.209 1    
61:   0.299 0.258 0.221 0.222 1    
62:   0.406 0.212 0.201 0.181 1    
63:   0.379 0.214 0.214 0.194 1    
64:   0.103 0.415 0.210 0.272 1    
65:   0.309 0.030 0.366 0.294 1    
66:   0.250 0.303 0.212 0.235 1    
67:   0.116 0.406 0.235 0.243 1    
68:   0.251 0.303 0.223 0.223 1    
69:   0.259 0.125 0.317 0.299 1    
70:   0.295 0.064 0.349 0.292 1    
71:   0.324 0.131 0.291 0.255 1    
72:   0.133 0.357 0.226 0.284 1    
73:   0.118 0.405 0.235 0.242 1    
74:   0.427 0.200 0.196 0.177 1    
75:   0.362 0.233 0.212 0.192 1    
76:   0.290 0.080 0.338 0.292 1    
77:   0.306 0.040 0.358 0.295 1    
78:   0.346 0.230 0.221 0.202 1    
79:   0.323 0.251 0.216 0.210 1    
80:   0.317 0.062 0.341 0.280 1    
81:   0.255 0.247 0.241 0.256 1    
82:   0.336 0.230 0.213 0.221 1    
83:   0.202 0.262 0.262 0.274 1    
84:   0.308 0.058 0.350 0.283 1    
85:   0.099 0.422 0.234 0.245 1    
86:   0.294 0.122 0.316 0.268 1    
87:   0.143 0.351 0.229 0.277 1    
88:   0.394 0.164 0.240 0.202 1    
89:   0.363 0.232 0.203 0.201 1    
90:   0.287 0.088 0.330 0.296 1    
91:   0.303 0.182 0.267 0.248 1    
92:   0.268 0.158 0.308 0.266 1    
93:   0.364 0.162 0.241 0.233 1    
94:   0.279 0.130 0.308 0.282 1    
95:   0.215 0.305 0.232 0.249 1    
96:   0.186 0.330 0.229 0.255 1    
97:   0.111 0.408 0.219 0.262 1    
98:   0.302 0.102 0.321 0.275 1    
99:   0.341 0.085 0.307 0.267 1    
100:  0.308 0.130 0.296 0.266 1    
101:  0.330 0.201 0.241 0.228 1    
102:  0.218 0.217 0.280 0.286 1    
103:  0.319 0.249 0.222 0.211 1    
104:  0.165 0.344 0.230 0.261 1    
105:  0.303 0.044 0.361 0.291 1    
106:  0.103 0.425 0.201 0.271 1    
107:  0.218 0.236 0.267 0.278 1    
108:  0.356 0.085 0.311 0.248 1    
109:  0.296 0.073 0.337 0.294 1    
110:  0.276 0.121 0.321 0.283 1    
111:  0.407 0.193 0.216 0.184 1    
112:  0.407 0.193 0.215 0.185 1    
113:  0.272 0.201 0.276 0.251 1    
114:  0.148 0.355 0.237 0.260 1    
115:  0.308 0.097 0.319 0.276 1    
116:  0.338 0.227 0.227 0.208 1    
117:  0.099 0.420 0.203 0.278 1    
118:  0.082 0.451 0.188 0.279 1    
119:  0.141 0.393 0.197 0.269 1    
120:  0.108 0.393 0.222 0.278 1    
121:  0.077 0.456 0.195 0.272 1    
122:  0.093 0.433 0.195 0.279 1    
123:  0.150 0.363 0.218 0.269 1    
124:  0.127 0.382 0.220 0.271 1    
125:  0.098 0.435 0.205 0.262 1    
126:  0.087 0.432 0.200 0.280 1    
127:  0.084 0.448 0.194 0.274 1    
128:  0.085 0.447 0.194 0.274 1    
129:  0.113 0.408 0.205 0.274 1    
130:  0.086 0.439 0.205 0.269 1    
131:  0.131 0.385 0.212 0.272 1    
132:  0.106 0.414 0.206 0.273 1    
133:  0.140 0.358 0.221 0.281 1    
134:  0.081 0.441 0.204 0.274 1    
135:  0.143 0.382 0.217 0.258 1    
136:  0.150 0.370 0.228 0.251 1    
                 
                 
1:    0.296 0.060 0.351 0.294 1    
2:    0.329 0.227 0.235 0.209 1    
3:    0.184 0.344 0.217 0.254 1    
4:    0.335 0.220 0.236 0.210 1    
5:    0.307 0.039 0.360 0.293 1    
6:    0.276 0.272 0.225 0.227 1    
7:    0.157 0.352 0.227 0.264 1    
8:    0.371 0.136 0.275 0.218 1    
9:    0.259 0.134 0.318 0.289 1    
10:   0.354 0.109 0.298 0.239 1    
11:   0.402 0.214 0.195 0.189 1    
12:   0.269 0.167 0.286 0.278 1    
13:   0.241 0.325 0.204 0.231 1    
14:   0.376 0.091 0.303 0.230 1    
15:   0.288 0.267 0.216 0.229 1    
16:   0.331 0.053 0.337 0.279 1    
17:   0.218 0.324 0.212 0.247 1    
18:   0.381 0.175 0.241 0.203 1    
19:   0.433 0.192 0.194 0.181 1    
20:   0.349 0.205 0.236 0.210 1    
21:   0.441 0.188 0.191 0.179 1    
22:   0.146 0.363 0.219 0.272 1    
23:   0.126 0.376 0.230 0.268 1    
24:   0.305 0.088 0.331 0.276 1    
25:   0.288 0.113 0.314 0.285 1    
26:   0.150 0.362 0.222 0.266 1    
27:   0.253 0.197 0.279 0.271 1    
28:   0.378 0.206 0.212 0.204 1    
29:   0.329 0.159 0.274 0.238 1    
30:   0.222 0.298 0.227 0.253 1    
31:   0.385 0.155 0.251 0.209 1    
32:   0.389 0.148 0.255 0.208 1    
33:   0.291 0.263 0.233 0.213 1    
34:   0.324 0.259 0.206 0.211 1    
35:   0.200 0.274 0.256 0.269 1    
36:   0.288 0.069 0.343 0.299 1    
37:   0.166 0.332 0.229 0.273 1    
38:   0.140 0.369 0.218 0.273 1    
39:   0.302 0.070 0.343 0.285 1    
40:   0.335 0.201 0.235 0.229 1    
41:   0.296 0.096 0.324 0.284 1    
42:   0.283 0.084 0.338 0.294 1    
43:   0.472 0.179 0.184 0.165 1    
44:   0.371 0.098 0.298 0.233 1    
45:   0.301 0.096 0.322 0.280 1    
46:   0.469 0.181 0.185 0.165 1    
47:   0.247 0.245 0.251 0.258 1    
48:   0.342 0.081 0.319 0.258 1    
49:   0.365 0.134 0.282 0.219 1    
50:   0.391 0.220 0.199 0.190 1    
51:   0.308 0.031 0.363 0.298 1    
52:   0.292 0.216 0.257 0.234 1    
53:   0.218 0.222 0.276 0.284 1    
54:   0.271 0.294 0.203 0.231 1    
55:   0.262 0.287 0.231 0.221 1    
56:   0.166 0.358 0.232 0.243 1    
57:   0.234 0.270 0.256 0.240 1    
58:   0.296 0.196 0.271 0.237 1    
59:   0.121 0.358 0.254 0.266 1    
60:   0.393 0.129 0.269 0.209 1    
61:   0.299 0.258 0.221 0.222 1    
62:   0.406 0.212 0.201 0.181 1    
63:   0.379 0.214 0.214 0.194 1    
64:   0.103 0.415 0.210 0.272 1    
65:   0.309 0.030 0.366 0.294 1    
66:   0.250 0.303 0.212 0.235 1    
67:   0.116 0.406 0.235 0.243 1    
68:   0.251 0.303 0.223 0.223 1    
69:   0.259 0.125 0.317 0.299 1    
70:   0.295 0.064 0.349 0.292 1    
71:   0.324 0.131 0.291 0.255 1    
72:   0.133 0.357 0.226 0.284 1    
73:   0.118 0.405 0.235 0.242 1    
74:   0.427 0.200 0.196 0.177 1    
75:   0.362 0.233 0.212 0.192 1    
76:   0.290 0.080 0.338 0.292 1    
77:   0.306 0.040 0.358 0.295 1    
78:   0.346 0.230 0.221 0.202 1    
79:   0.323 0.251 0.216 0.210 1    
80:   0.317 0.062 0.341 0.280 1    
81:   0.255 0.247 0.241 0.256 1    
82:   0.336 0.230 0.213 0.221 1    
83:   0.202 0.262 0.262 0.274 1    
84:   0.308 0.058 0.350 0.283 1    
85:   0.099 0.422 0.234 0.245 1    
86:   0.294 0.122 0.316 0.268 1    
87:   0.143 0.351 0.229 0.277 1    
88:   0.394 0.164 0.240 0.202 1    
89:   0.363 0.232 0.203 0.201 1    
90:   0.287 0.088 0.330 0.296 1    
91:   0.303 0.182 0.267 0.248 1    
92:   0.268 0.158 0.308 0.266 1    
93:   0.364 0.162 0.241 0.233 1    
94:   0.279 0.130 0.308 0.282 1    
95:   0.215 0.305 0.232 0.249 1    
96:   0.186 0.330 0.229 0.255 1    
97:   0.111 0.408 0.219 0.262 1    
98:   0.302 0.102 0.321 0.275 1    
99:   0.341 0.085 0.307 0.267 1    
100:  0.308 0.130 0.296 0.266 1    
101:  0.330 0.201 0.241 0.228 1    
102:  0.218 0.217 0.280 0.286 1    
103:  0.319 0.249 0.222 0.211 1    
104:  0.165 0.344 0.230 0.261 1    
105:  0.303 0.044 0.361 0.291 1    
106:  0.103 0.425 0.201 0.271 1    
107:  0.218 0.236 0.267 0.278 1    
108:  0.356 0.085 0.311 0.248 1    
109:  0.296 0.073 0.337 0.294 1    
110:  0.276 0.121 0.321 0.283 1    
111:  0.407 0.193 0.216 0.184 1    
112:  0.407 0.193 0.215 0.185 1    
113:  0.272 0.201 0.276 0.251 1    
114:  0.148 0.355 0.237 0.260 1    
115:  0.308 0.097 0.319 0.276 1    
116:  0.338 0.227 0.227 0.208 1    
117:  0.099 0.420 0.203 0.278 1    
118:  0.082 0.451 0.188 0.279 1    
119:  0.141 0.393 0.197 0.269 1    
120:  0.108 0.393 0.222 0.278 1    
121:  0.077 0.456 0.195 0.272 1    
122:  0.093 0.433 0.195 0.279 1    
123:  0.150 0.363 0.218 0.269 1    
124:  0.127 0.382 0.220 0.271 1    
125:  0.098 0.435 0.205 0.262 1    
126:  0.087 0.432 0.200 0.280 1    
127:  0.084 0.448 0.194 0.274 1    
128:  0.085 0.447 0.194 0.274 1    
129:  0.113 0.408 0.205 0.274 1    
130:  0.086 0.439 0.205 0.269 1    
131:  0.131 0.385 0.212 0.272 1    
132:  0.106 0.414 0.206 0.273 1    
133:  0.140 0.358 0.221 0.281 1    
134:  0.081 0.441 0.204 0.274 1    
135:  0.143 0.382 0.217 0.258 1    
136:  0.150 0.370 0.228 0.251 1    
                 
                 
1:    0.331 0.069 0.371 0.228 1    
2:    0.276 0.181 0.284 0.259 1    
3:    0.191 0.378 0.182 0.249 1    
4:    0.280 0.197 0.268 0.255 1    
5:    0.339 0.045 0.395 0.221 1    
6:    0.238 0.262 0.233 0.267 1    
7:    0.188 0.372 0.180 0.260 1    
8:    0.318 0.079 0.352 0.251 1    
9:    0.290 0.159 0.319 0.232 1    
10:   0.325 0.076 0.362 0.236 1    
11:   0.313 0.110 0.298 0.279 1    
12:   0.269 0.192 0.301 0.238 1    
13:   0.222 0.324 0.202 0.252 1    
14:   0.336 0.039 0.383 0.242 1    
15:   0.259 0.228 0.246 0.267 1    
16:   0.346 0.046 0.385 0.223 1    
17:   0.217 0.331 0.196 0.257 1    
18:   0.315 0.095 0.319 0.271 1    
19:   0.321 0.096 0.298 0.285 1    
20:   0.294 0.150 0.294 0.263 1    
21:   0.324 0.099 0.292 0.285 1    
22:   0.195 0.368 0.179 0.258 1    
23:   0.150 0.446 0.150 0.254 1    
24:   0.316 0.093 0.362 0.229 1    
25:   0.306 0.125 0.338 0.230 1    
26:   0.190 0.393 0.170 0.247 1    
27:   0.284 0.178 0.297 0.240 1    
28:   0.299 0.131 0.287 0.283 1    
29:   0.306 0.116 0.322 0.257 1    
30:   0.236 0.293 0.221 0.249 1    
31:   0.323 0.081 0.337 0.259 1    
32:   0.329 0.068 0.340 0.263 1    
33:   0.254 0.284 0.213 0.249 1    
34:   0.269 0.189 0.268 0.275 1    
35:   0.228 0.299 0.219 0.254 1    
36:   0.323 0.085 0.364 0.228 1    
37:   0.218 0.324 0.211 0.247 1    
38:   0.186 0.385 0.175 0.254 1    
39:   0.328 0.079 0.365 0.229 1    
40:   0.296 0.175 0.268 0.262 1    
41:   0.324 0.091 0.351 0.234 1    
42:   0.313 0.105 0.354 0.227 1    
43:   0.343 0.073 0.300 0.285 1    
44:   0.333 0.052 0.375 0.240 1    
45:   0.325 0.087 0.353 0.234 1    
46:   0.342 0.078 0.296 0.284 1    
47:   0.263 0.229 0.270 0.238 1    
48:   0.344 0.051 0.364 0.241 1    
49:   0.329 0.072 0.345 0.254 1    
50:   0.294 0.135 0.294 0.277 1    
51:   0.345 0.038 0.394 0.223 1    
52:   0.263 0.237 0.262 0.238 1    
53:   0.264 0.221 0.274 0.241 1    
54:   0.237 0.280 0.225 0.258 1    
55:   0.226 0.312 0.213 0.249 1    
56:   0.160 0.440 0.159 0.241 1    
57:   0.228 0.307 0.220 0.245 1    
58:   0.288 0.161 0.303 0.247 1    
59:   0.151 0.453 0.151 0.244 1    
60:   0.334 0.058 0.351 0.256 1    
61:   0.259 0.249 0.244 0.249 1    
62:   0.302 0.124 0.295 0.279 1    
63:   0.298 0.138 0.294 0.269 1    
64:   0.143 0.461 0.144 0.252 1    
65:   0.344 0.034 0.398 0.224 1    
66:   0.240 0.276 0.225 0.260 1    
67:   0.126 0.520 0.114 0.240 1    
68:   0.216 0.338 0.198 0.248 1    
69:   0.283 0.160 0.321 0.236 1    
70:   0.324 0.078 0.371 0.226 1    
71:   0.319 0.101 0.332 0.247 1    
72:   0.182 0.400 0.167 0.251 1    
73:   0.124 0.526 0.113 0.238 1    
74:   0.320 0.100 0.299 0.281 1    
75:   0.282 0.165 0.276 0.277 1    
76:   0.326 0.081 0.368 0.225 1    
77:   0.340 0.047 0.390 0.223 1    
78:   0.295 0.147 0.284 0.274 1    
79:   0.272 0.213 0.258 0.257 1    
80:   0.332 0.063 0.372 0.233 1    
81:   0.267 0.221 0.258 0.254 1    
82:   0.273 0.200 0.267 0.261 1    
83:   0.237 0.278 0.244 0.241 1    
84:   0.331 0.064 0.382 0.223 1    
85:   0.110 0.546 0.102 0.242 1    
86:   0.308 0.121 0.331 0.240 1    
87:   0.183 0.398 0.172 0.247 1    
88:   0.320 0.098 0.319 0.262 1    
89:   0.295 0.147 0.284 0.274 1    
90:   0.312 0.106 0.352 0.230 1    
91:   0.295 0.148 0.302 0.255 1    
92:   0.281 0.167 0.311 0.240 1    
93:   0.327 0.107 0.311 0.255 1    
94:   0.308 0.138 0.319 0.235 1    
95:   0.237 0.284 0.234 0.245 1    
96:   0.208 0.352 0.194 0.246 1    
97:   0.139 0.475 0.135 0.251 1    
98:   0.319 0.098 0.351 0.231 1    
99:   0.339 0.062 0.359 0.240 1    
100:  0.315 0.136 0.313 0.236 1    
101:  0.289 0.149 0.288 0.274 1    
102:  0.257 0.237 0.266 0.241 1    
103:  0.267 0.235 0.241 0.256 1    
104:  0.174 0.406 0.168 0.251 1    
105:  0.336 0.052 0.389 0.224 1    
106:  0.145 0.458 0.139 0.258 1    
107:  0.258 0.230 0.268 0.244 1    
108:  0.334 0.050 0.380 0.236 1    
109:  0.330 0.085 0.357 0.228 1    
110:  0.300 0.133 0.335 0.232 1    
111:  0.309 0.102 0.313 0.276 1    
112:  0.311 0.139 0.286 0.265 1    
113:  0.263 0.212 0.273 0.252 1    
114:  0.166 0.426 0.163 0.245 1    
115:  0.323 0.096 0.343 0.239 1    
116:  0.279 0.172 0.281 0.268 1    
117:  0.146 0.458 0.141 0.255 1    
118:  0.136 0.469 0.125 0.269 1    
119:  0.181 0.409 0.164 0.247 1    
120:  0.150 0.447 0.152 0.251 1    
121:  0.122 0.501 0.119 0.258 1    
122:  0.146 0.451 0.140 0.264 1    
123:  0.186 0.395 0.175 0.244 1    
124:  0.166 0.421 0.163 0.250 1    
125:  0.129 0.495 0.118 0.258 1    
126:  0.138 0.466 0.140 0.257 1    
127:  0.134 0.477 0.126 0.263 1    
128:  0.124 0.500 0.125 0.252 1    
129:  0.159 0.444 0.146 0.251 1    
130:  0.122 0.511 0.115 0.251 1    
131:  0.178 0.399 0.162 0.261 1    
132:  0.152 0.451 0.139 0.257 1    
133:  0.202 0.364 0.185 0.248 1    
134:  0.120 0.507 0.119 0.255 1    
135:  0.164 0.422 0.164 0.250 1    
136:  0.174 0.425 0.157 0.244 1    
                 
                 
1:    0.331 0.069 0.371 0.228 1    
2:    0.276 0.181 0.284 0.259 1    
3:    0.191 0.378 0.182 0.249 1    
4:    0.280 0.197 0.268 0.255 1    
5:    0.339 0.045 0.395 0.221 1    
6:    0.238 0.262 0.233 0.267 1    
7:    0.188 0.372 0.180 0.260 1    
8:    0.318 0.079 0.352 0.251 1    
9:    0.290 0.159 0.319 0.232 1    
10:   0.325 0.076 0.362 0.236 1    
11:   0.313 0.110 0.298 0.279 1    
12:   0.269 0.192 0.301 0.238 1    
13:   0.222 0.324 0.202 0.252 1    
14:   0.336 0.039 0.383 0.242 1    
15:   0.259 0.228 0.246 0.267 1    
16:   0.346 0.046 0.385 0.223 1    
17:   0.217 0.331 0.196 0.257 1    
18:   0.315 0.095 0.319 0.271 1    
19:   0.321 0.096 0.298 0.285 1    
20:   0.294 0.150 0.294 0.263 1    
21:   0.324 0.099 0.292 0.285 1    
22:   0.195 0.368 0.179 0.258 1    
23:   0.150 0.446 0.150 0.254 1    
24:   0.316 0.093 0.362 0.229 1    
25:   0.306 0.125 0.338 0.230 1    
26:   0.190 0.393 0.170 0.247 1    
27:   0.284 0.178 0.297 0.240 1    
28:   0.299 0.131 0.287 0.283 1    
29:   0.306 0.116 0.322 0.257 1    
30:   0.236 0.293 0.221 0.249 1    
31:   0.323 0.081 0.337 0.259 1    
32:   0.329 0.068 0.340 0.263 1    
33:   0.254 0.284 0.213 0.249 1    
34:   0.269 0.189 0.268 0.275 1    
35:   0.228 0.299 0.219 0.254 1    
36:   0.323 0.085 0.364 0.228 1    
37:   0.218 0.324 0.211 0.247 1    
38:   0.186 0.385 0.175 0.254 1    
39:   0.328 0.079 0.365 0.229 1    
40:   0.296 0.175 0.268 0.262 1    
41:   0.324 0.091 0.351 0.234 1    
42:   0.313 0.105 0.354 0.227 1    
43:   0.343 0.073 0.300 0.285 1    
44:   0.333 0.052 0.375 0.240 1    
45:   0.325 0.087 0.353 0.234 1    
46:   0.342 0.078 0.296 0.284 1    
47:   0.263 0.229 0.270 0.238 1    
48:   0.344 0.051 0.364 0.241 1    
49:   0.329 0.072 0.345 0.254 1    
50:   0.294 0.135 0.294 0.277 1    
51:   0.345 0.038 0.394 0.223 1    
52:   0.263 0.237 0.262 0.238 1    
53:   0.264 0.221 0.274 0.241 1    
54:   0.237 0.280 0.225 0.258 1    
55:   0.226 0.312 0.213 0.249 1    
56:   0.160 0.440 0.159 0.241 1    
57:   0.228 0.307 0.220 0.245 1    
58:   0.288 0.161 0.303 0.247 1    
59:   0.151 0.453 0.151 0.244 1    
60:   0.334 0.058 0.351 0.256 1    
61:   0.259 0.249 0.244 0.249 1    
62:   0.302 0.124 0.295 0.279 1    
63:   0.298 0.138 0.294 0.269 1    
64:   0.143 0.461 0.144 0.252 1    
65:   0.344 0.034 0.398 0.224 1    
66:   0.240 0.276 0.225 0.260 1    
67:   0.126 0.520 0.114 0.240 1    
68:   0.216 0.338 0.198 0.248 1    
69:   0.283 0.160 0.321 0.236 1    
70:   0.324 0.078 0.371 0.226 1    
71:   0.319 0.101 0.332 0.247 1    
72:   0.182 0.400 0.167 0.251 1    
73:   0.124 0.526 0.113 0.238 1    
74:   0.320 0.100 0.299 0.281 1    
75:   0.282 0.165 0.276 0.277 1    
76:   0.326 0.081 0.368 0.225 1    
77:   0.340 0.047 0.390 0.223 1    
78:   0.295 0.147 0.284 0.274 1    
79:   0.272 0.213 0.258 0.257 1    
80:   0.332 0.063 0.372 0.233 1    
81:   0.267 0.221 0.258 0.254 1    
82:   0.273 0.200 0.267 0.261 1    
83:   0.237 0.278 0.244 0.241 1    
84:   0.331 0.064 0.382 0.223 1    
85:   0.110 0.546 0.102 0.242 1    
86:   0.308 0.121 0.331 0.240 1    
87:   0.183 0.398 0.172 0.247 1    
88:   0.320 0.098 0.319 0.262 1    
89:   0.295 0.147 0.284 0.274 1    
90:   0.312 0.106 0.352 0.230 1    
91:   0.295 0.148 0.302 0.255 1    
92:   0.281 0.167 0.311 0.240 1    
93:   0.327 0.107 0.311 0.255 1    
94:   0.308 0.138 0.319 0.235 1    
95:   0.237 0.284 0.234 0.245 1    
96:   0.208 0.352 0.194 0.246 1    
97:   0.139 0.475 0.135 0.251 1    
98:   0.319 0.098 0.351 0.231 1    
99:   0.339 0.062 0.359 0.240 1    
100:  0.315 0.136 0.313 0.236 1    
101:  0.289 0.149 0.288 0.274 1    
102:  0.257 0.237 0.266 0.241 1    
103:  0.267 0.235 0.241 0.256 1    
104:  0.174 0.406 0.168 0.251 1    
105:  0.336 0.052 0.389 0.224 1    
106:  0.145 0.458 0.139 0.258 1    
107:  0.258 0.230 0.268 0.244 1    
108:  0.334 0.050 0.380 0.236 1    
109:  0.330 0.085 0.357 0.228 1    
110:  0.300 0.133 0.335 0.232 1    
111:  0.309 0.102 0.313 0.276 1    
112:  0.311 0.139 0.286 0.265 1    
113:  0.263 0.212 0.273 0.252 1    
114:  0.166 0.426 0.163 0.245 1    
115:  0.323 0.096 0.343 0.239 1    
116:  0.279 0.172 0.281 0.268 1    
117:  0.146 0.458 0.141 0.255 1    
118:  0.136 0.469 0.125 0.269 1    
119:  0.181 0.409 0.164 0.247 1    
120:  0.150 0.447 0.152 0.251 1    
121:  0.122 0.501 0.119 0.258 1    
122:  0.146 0.451 0.140 0.264 1    
123:  0.186 0.395 0.175 0.244 1    
124:  0.166 0.421 0.163 0.250 1    
125:  0.129 0.495 0.118 0.258 1    
126:  0.138 0.466 0.140 0.257 1    
127:  0.134 0.477 0.126 0.263 1    
128:  0.124 0.500 0.125 0.252 1    
129:  0.159 0.444 0.146 0.251 1    
130:  0.122 0.511 0.115 0.251 1    
131:  0.178 0.399 0.162 0.261 1    
132:  0.152 0.451 0.139 0.257 1    
133:  0.202 0.364 0.185 0.248 1    
134:  0.120 0.507 0.119 0.255 1    
135:  0.164 0.422 0.164 0.250 1    
136:  0.174 0.425 0.157 0.244 1    
                 
                 
1:    0.313 0.123 0.364 0.200 1    
2:    0.254 0.249 0.227 0.271 1    
3:    0.212 0.303 0.231 0.254 1    
4:    0.251 0.258 0.214 0.278 1    
5:    0.323 0.122 0.362 0.194 1    
6:    0.233 0.290 0.216 0.260 1    
7:    0.211 0.353 0.204 0.232 1    
8:    0.305 0.152 0.281 0.263 1    
9:    0.270 0.175 0.341 0.215 1    
10:   0.317 0.145 0.296 0.242 1    
11:   0.262 0.182 0.232 0.324 1    
12:   0.239 0.290 0.251 0.220 1    
13:   0.220 0.323 0.191 0.266 1    
14:   0.320 0.130 0.310 0.240 1    
15:   0.260 0.213 0.240 0.287 1    
16:   0.328 0.116 0.340 0.216 1    
17:   0.220 0.280 0.225 0.275 1    
18:   0.278 0.175 0.262 0.285 1    
19:   0.269 0.179 0.215 0.337 1    
20:   0.274 0.206 0.241 0.279 1    
21:   0.267 0.184 0.212 0.337 1    
22:   0.244 0.239 0.277 0.240 1    
23:   0.153 0.467 0.156 0.224 1    
24:   0.291 0.187 0.317 0.204 1    
25:   0.273 0.214 0.300 0.214 1    
26:   0.249 0.231 0.276 0.243 1    
27:   0.287 0.175 0.308 0.230 1    
28:   0.263 0.185 0.241 0.311 1    
29:   0.284 0.187 0.277 0.251 1    
30:   0.253 0.233 0.255 0.259 1    
31:   0.296 0.163 0.266 0.274 1    
32:   0.296 0.158 0.276 0.270 1    
33:   0.244 0.264 0.215 0.277 1    
34:   0.225 0.285 0.205 0.285 1    
35:   0.263 0.191 0.304 0.242 1    
36:   0.302 0.136 0.357 0.205 1    
37:   0.293 0.145 0.318 0.243 1    
38:   0.247 0.252 0.263 0.237 1    
39:   0.310 0.129 0.352 0.209 1    
40:   0.256 0.224 0.241 0.279 1    
41:   0.305 0.138 0.340 0.216 1    
42:   0.293 0.177 0.329 0.201 1    
43:   0.272 0.173 0.202 0.353 1    
44:   0.316 0.139 0.301 0.245 1    
45:   0.306 0.144 0.334 0.216 1    
46:   0.270 0.175 0.203 0.352 1    
47:   0.271 0.186 0.289 0.253 1    
48:   0.313 0.126 0.336 0.226 1    
49:   0.298 0.146 0.299 0.257 1    
50:   0.256 0.227 0.206 0.311 1    
51:   0.321 0.110 0.374 0.194 1    
52:   0.268 0.231 0.250 0.251 1    
53:   0.289 0.174 0.316 0.221 1    
54:   0.236 0.236 0.229 0.298 1    
55:   0.204 0.358 0.173 0.265 1    
56:   0.153 0.483 0.136 0.229 1    
57:   0.224 0.319 0.215 0.242 1    
58:   0.288 0.160 0.303 0.249 1    
59:   0.232 0.283 0.256 0.228 1    
60:   0.303 0.152 0.279 0.266 1    
61:   0.264 0.217 0.235 0.284 1    
62:   0.246 0.237 0.203 0.314 1    
63:   0.267 0.194 0.228 0.311 1    
64:   0.159 0.455 0.157 0.230 1    
65:   0.331 0.108 0.370 0.192 1    
66:   0.259 0.219 0.241 0.281 1    
67:   0.109 0.567 0.101 0.224 1    
68:   0.205 0.357 0.179 0.259 1    
69:   0.250 0.230 0.306 0.215 1    
70:   0.302 0.148 0.348 0.201 1    
71:   0.296 0.164 0.296 0.244 1    
72:   0.249 0.238 0.282 0.230 1    
73:   0.102 0.575 0.096 0.226 1    
74:   0.267 0.188 0.214 0.331 1    
75:   0.237 0.248 0.214 0.302 1    
76:   0.310 0.138 0.348 0.204 1    
77:   0.325 0.113 0.369 0.193 1    
78:   0.271 0.179 0.255 0.295 1    
79:   0.252 0.227 0.227 0.294 1    
80:   0.306 0.142 0.342 0.210 1    
81:   0.248 0.251 0.246 0.255 1    
82:   0.270 0.203 0.236 0.291 1    
83:   0.273 0.176 0.316 0.235 1    
84:   0.315 0.136 0.349 0.200 1    
85:   0.088 0.605 0.085 0.221 1    
86:   0.295 0.137 0.340 0.227 1    
87:   0.210 0.333 0.233 0.225 1    
88:   0.290 0.179 0.244 0.287 1    
89:   0.265 0.194 0.232 0.309 1    
90:   0.282 0.179 0.327 0.212 1    
91:   0.286 0.163 0.296 0.255 1    
92:   0.267 0.233 0.284 0.216 1    
93:   0.284 0.160 0.274 0.282 1    
94:   0.279 0.194 0.304 0.223 1    
95:   0.256 0.231 0.262 0.251 1    
96:   0.257 0.216 0.275 0.252 1    
97:   0.135 0.499 0.135 0.231 1    
98:   0.309 0.145 0.334 0.212 1    
99:   0.311 0.139 0.316 0.233 1    
100:  0.295 0.162 0.303 0.240 1    
101:  0.263 0.204 0.264 0.269 1    
102:  0.250 0.243 0.276 0.231 1    
103:  0.269 0.230 0.220 0.281 1    
104:  0.163 0.440 0.166 0.230 1    
105:  0.319 0.133 0.356 0.193 1    
106:  0.152 0.475 0.147 0.226 1    
107:  0.264 0.191 0.317 0.228 1    
108:  0.323 0.133 0.317 0.227 1    
109:  0.305 0.133 0.352 0.210 1    
110:  0.295 0.179 0.319 0.208 1    
111:  0.275 0.196 0.226 0.303 1    
112:  0.278 0.192 0.218 0.313 1    
113:  0.257 0.218 0.278 0.247 1    
114:  0.227 0.290 0.239 0.245 1    
115:  0.299 0.137 0.332 0.232 1    
116:  0.258 0.225 0.231 0.285 1    
117:  0.180 0.404 0.183 0.234 1    
118:  0.136 0.515 0.129 0.220 1    
119:  0.209 0.338 0.208 0.245 1    
120:  0.211 0.343 0.218 0.228 1    
121:  0.103 0.578 0.098 0.222 1    
122:  0.150 0.480 0.146 0.224 1    
123:  0.238 0.268 0.246 0.248 1    
124:  0.177 0.422 0.175 0.225 1    
125:  0.111 0.555 0.105 0.230 1    
126:  0.155 0.480 0.147 0.218 1    
127:  0.121 0.539 0.119 0.220 1    
128:  0.123 0.540 0.115 0.221 1    
129:  0.188 0.396 0.188 0.228 1    
130:  0.093 0.601 0.079 0.227 1    
131:  0.225 0.308 0.231 0.235 1    
132:  0.173 0.425 0.175 0.226 1    
133:  0.282 0.167 0.314 0.236 1    
134:  0.109 0.566 0.100 0.224 1    
135:  0.184 0.409 0.176 0.232 1    
136:  0.206 0.361 0.201 0.232 1    
