mdo9              
mdo5              
mdo7              
mdo10              
mdo6              
mdo3              
mdo2              
lma21              
msaf29              
msaf05              
msaf14              
msaf17              
msaf09              
msaf06              
pop              
FBS_01 ,  123129 200202 163169 102108 146146 117117 198198 194198 139163 000000 175213 116124 160168 124124
FBS_02 ,  125133 196196 163167 102102 148148 117117 198198 192196 123123 128146 177215 102124 168168 102132
FBS_03 ,  125125 196196 167167 102102 148150 105105 196198 194196 121163 130148 189207 108112 164168 108132
FBS_04 ,  123125 196200 167169 100102 146146 117117 198198 190190 125139 126126 189229 108122 166174 108128
FBS_05 ,  123129 196196 163167 102108 146146 117117 198198 194196 125159 128156 175189 112124 170174 102118
FBS_06 ,  123125 196200 167167 102102 146148 117117 194198 190196 123161 140146 185203 104112 156166 110124
FBS_07 ,  131133 196196 167169 102102 146148 117117 184198 194196 161165 140146 175219 110116 164166 124124
FBS_08 ,  125125 196200 167167 102102 146150 117119 196198 190196 159159 128128 175177 120124 164168 108132
FBS_09 ,  123129 196196 167167 102102 148148 117117 196198 190196 121139 130146 183213 116124 166166 112124
FBS_10 ,  123123 196196 167169 102102 146148 117119 184198 190196 135135 000000 175175 108120 164168 110124
FBS_11 ,  123129 200200 167167 100102 148148 117117 196196 192194 123125 146146 175175 108110 162164 110142
FBS_12 ,  123123 196200 163167 102102 146148 117117 198200 194196 125125 128128 175189 098102 156168 112124
FBS_13 ,  131131 196196 163167 102102 146148 105117 184198 192192 159165 126146 205205 108126 168168 110132
FBS_14 ,  123123 196200 167167 102102 146148 117117 198198 190196 139159 128128 000000 120124 162164 102108
FBS_15 ,  125129 196196 167167 102108 148148 117117 196196 190190 139157 144144 175175 110112 168168 110130
FBS_16 ,  123123 196196 167167 102102 146146 117117 198198 190196 135161 126128 175211 112120 174174 110124
FBS_17 ,  125129 196200 163167 102102 146148 117117 196198 192196 125141 138138 000000 106126 164168 120126
FBS_18 ,  125129 196196 163169 102102 146148 117119 194198 190200 125139 130146 175175 102110 162162 102110
FBS_19 ,  123129 200200 167169 100102 146148 117117 196198 192196 145159 146146 175175 102104 168168 114122
FBS_20 ,  125133 196200 163169 102108 146148 117117 196198 190196 147159 128146 175183 108108 164168 110124
FBS_21 ,  123123 196200 167167 100102 146146 105117 198198 190196 145167 142146 175187 108112 166168 110110
FBS_22 ,  129129 202202 163167 102102 148148 117117 196196 196198 125125 146146 187187 112122 164164 126134
FBS_23 ,  123125 196196 167167 102108 146148 117117 196198 190192 143171 140140 225243 106120 164168 116126
FBS_24 ,  123129 196202 167167 102102 146148 117119 194198 196196 159173 126128 183199 112124 162174 102110
FBS_25 ,  123123 196200 167169 102102 146148 117119 196198 194196 121159 128128 175217 110136 160168 110124
FBS_26 ,  125125 196196 167167 102102 148150 117119 196196 192194 165165 146150 187189 100104 164166 124142
FBS_27 ,  125129 196196 167167 102102 146148 117117 184198 192196 125139 128130 175175 118120 158160 132142
FBS_28 ,  129129 196200 167167 102102 146146 105117 198198 196200 145159 130146 187187 106108 158164 110110
FBS_29 ,  129129 196200 167167 102102 146148 105117 198198 190196 143169 128128 175175 110124 164168 110126
FBS_30 ,  123129 196196 163163 102102 146148 117117 194198 192196 000000 146146 175175 100110 166168 126142
FBS_31 ,  123125 196196 163167 102102 146148 117117 196198 196196 159159 128128 175183 108126 164166 110130
FBS_32 ,  123123 196200 163167 102108 146148 117117 196198 190198 123159 128144 175175 102108 162168 102142
FBS_33 ,  123123 196196 167167 102102 146148 117129 198198 190196 161161 146146 189211 108110 156168 122126
FBS_34 ,  123123 200202 167167 100102 148148 105105 196196 194196 161175 128128 177207 112118 164164 102102
FBS_35 ,  125129 196196 167167 102102 150150 117119 196196 190196 143143 146146 185187 102106 164166 114132
FBS_36 ,  123129 196196 167167 102102 148148 117117 198198 180194 143159 132142 203213 102106 164166 124124
FBS_37 ,  129129 196202 163167 102102 148148 117119 184196 192196 139165 128142 189189 106120 164166 110124
FBS_38 ,  129129 196200 163167 102102 148148 117129 184184 190196 139143 130146 183183 114126 168168 110124
FBS_39 ,  123123 196200 167167 102102 146148 117119 196198 190198 141163 128146 175213 106116 158164 102108
FBS_40 ,  123123 196200 167167 102102 146148 117117 196198 192196 161161 000000 175175 110130 164166 114126
FBS_41 ,  129129 196196 167169 102102 146148 117117 196198 196198 125153 128146 175175 102122 164166 110124
FBS_42 ,  123129 196200 163169 102102 146148 117117 184198 194196 141153 128128 175211 116136 164164 108124
FBS_43 ,  123123 200200 167167 102102 146148 117117 198198 190200 125159 146146 173175 112126 168168 110128
FBS_44 ,  123129 196202 167167 102102 146146 117119 196198 194196 135163 128128 177177 102124 156166 108110
FBS_45 ,  123129 196202 163167 102102 146146 117117 198198 192194 125125 128146 175175 108118 164170 124132
FBS_46 ,  123123 200200 167167 102102 146148 117117 198198 190200 125161 146146 173175 112126 166168 110128
pop              
FER_01 ,  123133 196196 163167 102102 148148 117119 196198 192196 125139 128128 189211 100106 156164 102110
FER_02 ,  123129 196200 167167 102102 146148 117117 194198 194198 125161 128146 175175 108124 166166 102142
FER_03 ,  129129 196202 169169 102102 148148 117117 198198 190190 139161 128128 177207 108108 162164 110124
FER_04 ,  123123 196200 163167 102102 146148 105117 196198 192200 159163 114128 175189 102108 156164 110132
FER_05 ,  123125 196196 167169 102102 146146 117117 198198 194194 125143 126126 203213 102124 162170 114124
FER_06 ,  123123 196196 167167 102102 146148 117117 194198 190196 139147 132146 177189 102120 166166 108124
FER_07 ,  123129 196196 167169 102102 148148 117119 184194 190194 139143 146148 175175 108110 160164 110132
FER_08 ,  129129 200200 167167 102102 146148 105119 198198 192194 139163 132138 175177 110126 158168 120126
FER_09 ,  123125 196196 167167 102102 146146 117119 198198 190202 125125 130146 229243 110126 156166 108124
FER_10 ,  123123 196200 163163 102102 146148 117119 198198 190196 135151 128132 215227 126138 156168 108126
FER_11 ,  000000 200200 167169 102102 146148 117117 196198 190190 141151 140140 177183 108120 164166 108126
FER_12 ,  125129 196196 167167 102106 146148 117117 184198 190198 139139 128146 189189 112124 162166 110110
FER_13 ,  123129 196196 163167 102102 148150 117119 196198 190190 139163 140146 227227 110116 152152 124124
FER_14 ,  123129 196200 167167 102102 146146 117117 198198 196196 123139 128128 177177 112126 166170 110142
FER_15 ,  129129 196196 167167 102108 146148 117117 196198 190192 125165 132132 177189 108120 168168 110130
FER_16 ,  123127 196202 167167 102102 146148 105117 196198 190200 125159 130146 209209 108124 162168 110110
FER_17 ,  123125 196200 167167 102102 146148 117117 196198 196198 139159 128138 177177 112126 156168 120124
FER_18 ,  123129 196196 163165 102102 148148 105117 194198 192196 121125 144144 237237 108114 156166 124136
FER_19 ,  129129 196196 167167 102102 146146 117117 194198 180198 143159 128128 175177 110124 164174 124142
FER_20 ,  123129 196200 163163 102102 148148 117117 184196 192196 163163 144144 175175 108110 160166 120122
FER_21 ,  123123 196196 167167 102102 146146 117117 190198 186190 125125 148158 199233 120126 168168 100132
FER_22 ,  123123 196200 167167 102106 148148 117133 198198 196198 125135 140146 189189 108108 168168 122132
FER_23 ,  123125 196196 167169 102108 146148 117119 198200 180194 139157 128130 187187 106116 156170 108124
FER_24 ,  123129 196196 167167 102102 146148 117119 198198 192194 159159 156158 175183 108116 166174 114124
FER_25 ,  123125 196196 163167 102102 146146 117117 198198 194196 000000 000000 175175 000000 164168 102126
FER_26 ,  129129 196200 163167 102108 146148 117129 196198 190190 139143 142148 207211 104116 156158 114124
FER_27 ,  123123 192196 167167 102102 146146 117121 190198 186194 161161 132144 177197 108110 152168 100124
FER_28 ,  123129 196200 167169 102102 146148 117117 184198 192200 125163 130146 175177 108126 156168 102122
FER_29 ,  123125 196202 167167 102102 146148 105117 198198 194200 125125 130146 185207 110126 162166 102108
FER_30 ,  123125 196196 167167 102102 148148 117117 196198 192196 125157 128148 175203 102102 160174 102132
FER_31 ,  123129 196196 167169 102102 146146 117129 198198 190192 143151 128128 213213 102124 164166 110132
FER_32 ,  125125 200200 167169 102102 148148 117117 196198 190192 125139 128128 183183 000000 162164 110120
FER_33 ,  125133 196196 167167 102102 146146 117119 198198 190196 125159 138148 175189 108126 164168 120132
FER_34 ,  123123 196196 167167 102102 146148 117117 196198 190194 159193 130130 175213 110124 164168 102114
FER_35 ,  129133 196196 167167 102102 146148 117119 196198 192196 139157 000000 173175 108122 160164 102126
FER_36 ,  125129 200200 167167 102102 146146 117117 194198 190196 159165 142142 177189 102108 156166 114126
FER_37 ,  129129 196200 167167 102102 146148 117117 196198 194196 139143 130146 175189 100126 174174 124134
FER_38 ,  123129 196196 167167 102108 146148 117119 194198 196196 141159 126128 189199 124126 160174 102110
FER_39 ,  123125 192196 167167 102108 146148 117121 190196 186196 125125 146158 183215 110112 152156 100132
FER_40 ,  129129 196196 167169 102102 146148 117117 196198 190198 143161 128146 183187 108124 168168 124124
FER_41 ,  123129 196200 163167 102102 148148 117117 194196 194196 125161 148154 207211 108116 164166 124132
FER_42 ,  123123 196200 169169 102102 146148 117117 196198 190196 125165 128130 175229 108108 156166 110118
FER_43 ,  123125 196196 167167 100102 146148 117119 196198 192194 125165 128146 175175 104104 156164 102120
FER_44 ,  123123 196200 163167 102106 146148 117117 198200 192194 125141 126146 175177 106108 160174 114124
FER_45 ,  125125 196200 163167 102102 146148 117117 184198 192196 143159 128146 175185 108112 164166 124124
FER_46 ,  129129 200202 167169 102106 146146 117119 190198 190196 139141 128146 175203 108124 168168 130142
FER_47 ,  123125 196200 167167 102102 146148 117117 194198 192192 139161 126144 175175 108112 160166 110110
FER_48 ,  123125 196200 167169 102102 146146 117117 198198 190192 143171 126140 175175 108122 160174 110118
FER_49 ,  129129 196196 167167 102102 148148 117119 196196 196196 125125 128128 205237 108126 158166 110124
FER_50 ,  125129 196196 163163 102102 146148 117117 198198 192198 125139 128146 189227 104122 162168 122124
FER_51 ,  123125 196196 167167 102102 146148 105117 196198 194202 125139 128160 183197 110122 156158 124142
FER_52 ,  123123 196196 163167 102102 146148 117117 184198 190196 143151 128128 175207 108108 166166 124132
FER_53 ,  123123 196196 163167 102102 146146 117117 198198 190192 157167 128128 175175 108112 164166 114118
FER_54 ,  123125 196196 167167 102102 146146 117117 198198 190198 000000 132146 175175 000000 164166 116116
FER_55 ,  129129 200200 167167 102102 146148 117117 194198 190192 139163 128130 185245 106108 164166 102110
FER_56 ,  129129 200200 165167 102102 146148 117117 194196 192194 139157 126132 175213 106108 168174 110116
FER_57 ,  123131 196200 167167 102102 146146 117117 198198 190196 125165 146146 189241 108120 166166 110124
FER_58 ,  123129 196196 165167 102102 146148 117129 196198 190190 151167 140146 177187 100108 162174 116126
FER_59 ,  123129 196196 167167 102106 146148 117117 184198 190196 141141 128130 175259 108108 160174 102102
FER_60 ,  125129 196200 165167 102102 146148 117129 184194 196196 121125 146146 209243 108114 156166 130132
FER_61 ,  125129 196200 163167 102102 148148 117117 196198 198198 121121 128130 175211 104112 164170 110124
FER_62 ,  123123 196196 167167 102108 146148 117117 198198 196196 135165 128128 175203 108110 156164 102124
FER_63 ,  123129 196196 167167 102102 146148 117117 198198 190192 125125 140146 175213 102116 160174 116124
FER_64 ,  123123 196202 167167 102106 146148 117119 194198 190192 123163 128146 175211 120124 160164 118124
FER_65 ,  123129 196200 167167 102108 148148 117117 196198 196200 135165 128130 177209 120126 164166 102110
FER_66 ,  125125 200200 167167 102102 146148 117117 198198 190190 165167 126128 175189 110126 168168 108124
FER_68 ,  123125 196196 167167 102102 146150 117117 196198 190192 125143 128130 225225 112116 168168 102110
FER_69 ,  123123 196200 167167 102106 148148 105117 196196 194198 139163 146146 199227 104110 168168 124126
FER_70 ,  125125 196196 167167 102102 146146 117117 198198 196198 145161 130130 175211 108116 164174 114124
FER_71 ,  123123 196200 167167 102108 146148 105117 198198 190192 123159 128146 175215 104112 158164 124124
pop              
REF_01 ,  125129 196200 163163 102102 148148 117119 184184 194196 147157 142148 175233 110128 158158 110124
REF_02 ,  123125 196196 163169 102102 148148 117129 184184 196198 175181 140148 219253 122122 164174 110142
REF_03 ,  123129 196200 163163 102102 148148 105117 198198 194196 175179 142142 175189 122126 156160 110120
REF_04 ,  123123 200200 163169 102102 148148 117117 194198 190198 123125 124148 227227 104116 158166 116124
REF_05 ,  123125 196202 163163 102108 148148 117129 184198 192194 155157 140140 223233 110118 164168 118126
REF_06 ,  125129 200202 163169 102102 146148 117117 198198 198200 121181 146146 205213 114120 158164 126130
REF_07 ,  125125 196200 163163 102102 146146 105117 194198 194196 125139 132142 175227 120126 158160 110114
REF_08 ,  123129 196196 167167 102102 148148 105117 194194 194196 000000 000000 000000 000000 164168 118136
REF_09 ,  123125 196200 167167 102102 146146 105129 184198 192196 125141 146150 197225 122126 158168 130146
REF_10 ,  123129 196196 163163 102106 148148 117117 184194 194196 123155 124146 219243 108124 158164 110124
REF_11 ,  129129 196196 163167 102102 148148 117129 194198 194198 125185 138140 193205 112122 166174 120130
REF_12 ,  123129 196196 163163 102104 148148 117119 194194 190190 121123 124140 197241 104112 164166 120128
REF_13 ,  125125 196196 167167 102106 146146 117117 184194 194194 139179 148148 175189 108120 164164 126144
REF_14 ,  123125 196200 167169 102102 146146 105117 190198 194200 147155 124126 235265 102120 164168 126126
REF_15 ,  125125 196202 167169 102102 148148 105117 184196 192192 165165 126146 211215 122122 164166 114116
REF_16 ,  125129 196200 163167 102102 146146 119129 184198 196200 139143 146148 197265 112116 168174 114120
REF_17 ,  125129 196200 163167 102102 148148 117117 184196 190196 139139 146148 189211 118120 164174 110114
REF_18 ,  125125 196200 163167 102106 148148 121129 184198 194194 137147 126148 215215 122124 160166 118126
REF_19 ,  123123 200202 163169 102106 148148 117117 198198 190194 123168 146146 183183 120120 164168 120124
REF_20 ,  123125 200202 163167 102108 146146 117121 190198 192196 143165 146146 189189 102120 164174 120124